31.3412
28.7856
26.2563
25.9737
37.1902
18.2474
30.8166
45.1865
31.8104
37.7996
30.2229
22.9994
38.4258
12.4366
38.5145
45.7501
38.3678
16.2009
29.2065
22.348
25.3292
26.1384
25.8796
47.7454
28.6163
25.5835
24.4381
43.5415
33.7611
28.2868
24.3657
27.9997
18.7553
35.5502
8.96511
30.7066
35.2944
30.9174
29.3518
20.9377
25.3665
40.211
20.3898
26.0365
26.2092
34.2456
23.5619
32.6125
24.0347
29.8175
26.0103
30.7436
28.1918
20.5274
19.2336
37.5188
32.0164
26.8656
31.7646
29.5432
16.0944
17.0508
28.1687
30.0374
34.1478
48.4662
23.0752
21.282
64.7659
34.3891
39.4144
35.3669
43.2238
30.501
29.3258
32.2445
42.6561
26.7827
23.5621
33.1191
27.7636
32.9439
43.9843
27.5984
39.2425
12.1148
70.7053
46.5975
33.9126
29.883
25.1459
38.656
20.5307
13.3221
23.4952
39.8511
28.0988
31.7577
27.8489
7.4773
35.0919
59.3695
11.9833
33.4538
39.1471
31.2634
34.2325
15.9175
9.07297
25.6005
16.7203
29.1284
23.8651
20.5095
38.7901
32.2686
45.5903
17.884
33.51
27.4979
23.1722
17.3402
18.2015
38.7859
47.5005
31.2752
41.5899
44.6679
29.1277
34.846
24.7417
18.8249
41.2362
16.0468
34.7998
27.4277
46.2358
47.624
37.2466
25.2152
35.5215
21.8088
58.5685
43.9073
21.0277
20.788
35.1282
29.4642
28.1928
44.3346
27.9337
39.3393
21.2802
28.5758
40.5049
23.2893
32.7132
27.0024
25.8888
28.4658
29.1372
35.1494
25.3458
50.047
43.8972
29.7628
35.7206
30.6988
29.935
21.5861
28.4095
31.2746
36.1796
20.388
33.1429
30.4439
41.7224
18.9253
40.7994
22.654
28.0617
42.8252
20.7661
28.4509
20.5257
24.668
19.3439
31.0084
34.1479
22.2221
41.5487
38.6376
16.3471
24.9587
13.1158
42.4024
35.849
21.4173
28.2568
32.4726
14.5823
46.1344
23.3539
30.6499
24.1937
27.8772
34.294
42.8393
26.1955
18.6182
28.5976
30.3509
28.0683
34.3604
37.7568
17.4941
28.5015
36.2875
32.9161
25.969
32.481
25.4168
17.9334
22.4131
19.3015
27.2163
52.7635
21.1677
24.4553
20.4899
16.9663
18.8127
20.4828
31.4763
24.0436
28.1205
37.7835
22.3148
35.0539
49.0919
28.4612
25.9702
33.2118
20.5429
26.6197
21.8163
27.0008
21.5246
30.9485
28.8337
12.6573
42.5986
29.9709
44.2525
27.1138
25.5552
32.4739
29.7353
29.329
26.7256
23.723
28.7425
36.9824
33.11
35.2157
39.6036
22.7479
26.1962
20.7835
31.5256
54.0199
21.1076
26.5941
23.4797
25.895
34.0727
48.5439
36.037
27.7279
34.2734
34.9665
27.8951
46.6245
23.8598
35.2173
21.3566
34.4271
23.969
27.0059
34.4141
34.7062
30.0608
63.9687
40.9075
35.1648
40.1171
25.945
34.4694
32.8728
27.609
38.6622
35.7173
17.3928
33.4249
20.15
18.1558
20.3856
30.2683
27.717
14.0879
37.7187
35.9671
42.1353
27.3289
26.2709
13.2636
17.6491
29.3706
42.2572
36.4482
43.8245
27.0524
30.9891
33.3571
34.1995
18.5739
16.2974
17.199
22.4737
21.2696
41.7408
39.8238
43.1579
28.5385
38.381
31.5732
16.8886
34.5084
17.0303
24.0129
11.7944
34.087
23.4957
39.3838
47.5385
32.0608
17.576
14.3639
16.8938
52.9148
57.942
28.7121
36.669
31.8623
29.1593
22.8335
16.6026
41.7418
36.2277
38.0456
16.6756
50.4447
12.6445
35.7714
45.7749
27.246
29.9239
37.7265
27.4923
27.8993
8.45684
21.0319
35.9318
8.61476
22.4733
31.1155
18.8144
44.9367
27.7665
18.662
29.6002
31.68
38.4531
26.1825
13.3022
39.6084
34.3616
19.6949
29.4103
35.5412
8.67047
27.375
32.3669
37.0364
30.9415
28.2405
43.6476
24.3767
63.8646
39.1404
33.0577
29.9496
32.6365
31.7383
27.2429
25.4374
23.509
20.6418
27.6711
36.914
25.7984
43.7325
14.0088
27.2064
45.6744
35.0359
39.5489
39.8797
18.8015
39.4067
34.5798
22.3064
21.2047
36.7504
33.1701
17.1802
30.6585
31.9048
35.1785
33.0873
24.4562
22.6614
19.5546
23.0706
9.88343
16.8548
31.9155
32.8903
17.7614
33.3467
27.9306
50.4956
37.7282
13.4228
55.134
22.7435
25.2875
27.5579
30.4074
29.8573
55.5752
26.7691
19.0985
67.5415
22.442
31.3846
53.6255
38.9336
25.0818
26.4915
19.3021
19.8974
27.4493
23.5766
32.7716
27.2825
35.46
29.2153
25.9506
19.8914
31.7026
25.2132
42.449
25.5523
25.4852
35.5427
30.3587
24.3739
23.5785
11.804
27.1883
28.9884
18.4492
37.2733
32.4509
33.0693
25.4533
32.0865
32.6994
33.9798
25.4992
26.731
26.7233
34.972
50.2192
57.3569
30.8788
10.2256
27.6508
21.7172
47.9612
43.017
42.5907
20.7098
27.0742
48.4958
31.6883
27.964
26.9398
26.9162
32.0289
15.8103
24.427
24.9922
27.4243
36.0987
29.0599
40.9825
20.4457
21.336
33.9505
32.8032
36.3119
36.4827
51.1823
24.9549
15.551
15.6817
32.9815
23.1376
27.3214
19.2192
18.9929
27.9354
30.8089
29.4855
24.1746
27.4616
36.4094
35.5103
21.6057
36.8113
13.6384
39.4997
36.6884
21.6218
17.6369
18.7312
19.9483
43.2529
27.0719
30.5651
32.283
29.9425
36.8602
13.4929
40.1164
33.4973
45.2739
20.6691
37.4787
25.195
30.0351
14.5065
29.8987
20.7947
21.1659
15.0673
35.4746
38.0804
14.9539
38.3616
29.6551
32.1563
32.3836
21.2611
46.4873
24.6194
43.0632
33.0755
28.7942
42.0986
29.3365
39.6437
29.0376
14.9483
21.7353
39.6775
32.2395
30.6192
52.5841
16.8909
28.3863
40.1235
36.1428
33.7219
20.5293
35.6815
33.8473
24.1918
14.8425
12.5168
25.7909
29.7465
30.5191
33.1899
25.8252
26.5619
29.9079
24.9515
41.2659
34.4496
30.5409
35.0254
42.1274
12.0454
27.2708
17.5531
10.0297
20.6089
26.7339
29.4443
39.9705
32.7338
17.8134
34.744
34.9503
39.1025
10.4026
32.0367
20.7294
28.4813
26.8106
43.6666
32.52
19.5237
35.7505
27.4704
27.4249
13.3254
27.8082
32.4497
45.3766
17.2063
25.2649
30.9364
15.8882
31.7092
24.8633
17.5204
16.9429
24.5401
21.901
20.6874
19.2611
26.2776
28.2191
48.1572
16.4992
26.6988
14.9876
29.5664
34.6773
17.7945
27.1752
43.8358
29.5596
38.0791
32.5395
17.5097
19.8757
31.6488
19.3496
30.9387
20.4694
22.2708
11.7738
42.3137
33.5566
25.884
21.5614
29.7755
27.0678
19.9964
35.1971
55.1187
41.3998
23.4377
25.4945
32.0789
24.278
18.8943
33.5441
26.6718
16.6292
29.5614
23.6341
35.5018
33.1115
27.7259
21.4472
27.2515
23.3972
13.8022
38.1831
41.4686
38.085
23.4613
48.3037
32.8129
20.0359
30.8338
28.8522
40.6681
26.1965
28.4946
24.9264
36.5135
37.1349
39.3978
22.3172
18.8378
14.7771
29.8214
34.9018
27.8198
52.1214
22.5838
38.3395
39.904
43.5917
26.5771
35.9797
21.3828
34.9563
22.9978
37.3418
19.5404
40.1209
36.1381
25.2684
39.3124
22.6238
35.9298
17.6188
26.0771
29.184
18.0799
39.5963
28.0857
16.4689
20.2145
22.8486
76.1035
31.6266
24.1176
28.761
28.7455
26.3229
44.1173
41.2333
14.4103
21.932
21.267
29.9273
25.8736
18.8105
31.7134
27.7541
24.4569
22.4843
35.904
20.2358
33.406
36.2038
31.6305
19.4442
35.4936
24.1154
33.4745
31.6719
27.5333
10.7255
38.578
33.1694
32.1722
22.181
38.9386
30.0085
38.6992
34.387
23.2649
30.7158
23.1514
26.9996
36.5512
45.7176
21.6424
58.8257
27.6979
20.057
20.753
35.2878
32.4301
24.5356
18.4196
17.5406
28.6122
34.0995
37.9305
35.8759
13.6668
35.2079
18.245
45.6352
27.54
34.5636
28.4283
42.7411
44.3602
18.87
20.2221
32.6108
17.6849
31.6891
22.351
38.4948
18.0894
21.9554
35.9973
32.5763
20.672
29.4914
29.7083
25.942
42.2769
55.4372
35.9412
44.6235
38.4367
18.149
32.0942
28.172
49.3364
26.7985
18.1635
20.4187
21.097
29.8562
39.2066
34.2977
17.1461
19.4125
34.529
28.7353
30.7783
21.1264
24.2637
30.0988
26.0347
20.8662
36.5707
21.5649
37.2879
39.2987
40.3363
30.2078
39.0018
34.9754
16.1704
22.3477
28.4596
26.6015
40.7002
17.2221
22.6104
20.3907
41.9198
23.7557
19.6372
23.1868
25.2495
15.0581
26.6084
41.8619
46.6248
21.3283
20.3432
34.1498
25.408
15.0092
33.7256
48.5759
9.46927
26.3778
18.5315
23.0181
16.9003
33.9519
37.6439
30.1584
28.78
36.7661
19.3366
18.6171
34.7402
12.5689
26.9764
30.0845
17.5051
29.9182
42.6509
23.5356
31.0127
56.1861
21.5919
28.3855
30.588
18.9022
44.8622
28.337
31.8409
43.6274
34.5773
25.6978
34.5058
18.9013
24.2553
28.0735
27.7785
20.2068
19.5949
31.6321
26.482
47.4076
25.2472
25.4605
66.2921
34.0901
31.394
34.9372
31.9356
28.9936
18.9059
28.5022
43.9212
29.3863
37.1103
21.9805
26.4286
35.7422
26.1916
32.5658
33.2813
44.7378
19.6885
47.3743
16.3378
28.7378
10.5529
27.0398
37.6212
17.0944
24.1314
21.9752
28.1848
25.6736
44.6732
14.17
26.3295
30.5749
22.9925
32.2509
41.0274
11.9906
32.2861
48.0495
30.1358
52.6627
26.108
34.0415
28.2532
31.0183
22.8276
26.9461
33.0766
48.7162
30.1985
33.0091
37.2736
22.7833
46.2027
23.9893
43.502
29.4795
28.8903
26.7009
18.3617
22.5305
34.0483
16.0008
18.2219
40.9272
10.9336
30.7038
29.9664
23.1455
25.9991
31.6836
25.2126
27.0675
38.2618
28.8922
33.8521
21.0693
31.337
26.3637
35.43
34.0164
25.4593
53.3017
40.0126
28.8643
20.1088
30.8812
31.6799
45.2142
25.5971
29.0731
41.3937
37.0769
31.5016
25.9624
24.2793
37.5717
20.2601
26.9578
30.3299
19.6379
31.0536
24.8903
36.9106
37.9473
21.931
43.9487
25.9902
29.9742
37.8272
11.0184
33.3446
18.2427
34.0457
54.283
26.0251
19.0351
23.2308
22.849
29.0743
20.1143
23.8976
25.4071
15.4291
47.7791
34.2359
31.7225
29.0104
20.9749
20.7441
22.7042
44.0631
11.7157
31.7197
29.6649
20.2152
40.3796
45.9898
28.6359
34.3044
16.2186
22.1617
24.0499
19.0766
26.9148
29.999
35.7686
28.7797
20.5591
35.6457
21.5695
22.1553
21.8441
28.4372
20.5143
38.3064
31.4055
16.1768
24.3111
35.1569
36.4646
23.1796
18.5413
32.44
30.4214
55.089
20.5959
19.5128
29.4415
41.5591
28.39
38.2239
42.2872
29.8182
21.9515
32.0687
27.37
49.5725
26.6178
26.5193
29.8918
32.6353
25.6967
44.1626
24.6141
13.8311
34.232
22.4409
20.4418
46.4666
19.0343
23.2611
25.193
21.7281
56.5738
40.9214
19.5965
19.8575
27.9506
15.8648
38.9476
34.6902
25.7609
25.2983
34.9368
46.3522
49.9926
52.1551
27.2952
27.0405
35.1777
34.7495
45.3888
20.8572
22.5905
31.9361
21.2428
34.0255
31.3073
41.4963
35.5532
33.3285
8.97816
31.5012
30.6585
14.9299
39.2633
36.2098
25.4987
21.3265
26.4497
22.8944
23.3427
44.0815
17.2898
25.0511
22.8782
22.555
34.1872
31.8486
16.3507
27.6067
17.5258
29.2094
22.581
28.668
32.4245
29.1073
29.1756
36.6516
31.2983
36.2309
36.3056
31.704
30.0153
27.9022
15.0507
29.2327
13.1429
24.2053
26.7729
26.3214
28.143
20.2086
48.2999
25.9991
26.4709
15.5759
32.4697
17.1989
26.5652
27.669
13.7828
48.9887
39.0326
15.5978
21.3986
23.8311
14.8608
28.1113
28.1882
26.7994
23.2984
21.4045
23.0848
36.6621
32.5398
29.5148
38.7759
17.1887
25.7221
26.921
34.3515
34.2741
17.7449
31.8765
31.8273
48.3115
35.1408
29.5883
13.0589
21.2432
30.3758
26.029
31.8764
13.0176
42.7602
17.6346
30.0519
30.8802
41.9429
30.3479
30.8139
24.6184
35.8839
15.4943
36.418
38.5229
14.42
22.1666
33.221
24.3378
27.0808
39.0437
23.4049
21.2551
32.7947
39.3694
16.4262
40.3252
31.4629
23.5032
32.5454
25.3499
20.4281
23.7007
39.3059
38.0147
23.2281
60.2735
23.3112
25.8045
22.238
19.6959
42.3878
22.2633
44.4753
27.9606
34.2341
34.4569
42.366
13.5594
43.9121
29.4418
17.6768
30.8973
28.311
29.0776
42.4948
40.3669
34.4073
11.2467
25.1541
14.8159
24.7284
32.2592
27.116
18.4862
19.4568
34.3578
37.3533
26.8075
28.777
30.9141
36.5726
37.5121
22.3859
34.4772
27.0276
8.17363
35.0447
23.2462
32.8611
34.4697
14.3634
21.4578
27.0868
40.8304
31.5856
38.3972
23.0282
19.4092
36.8632
41.3119
26.2332
41.4258
25.0429
35.7471
16.8416
38.5325
21.0678
42.8833
33.5437
44.7866
24.5252
36.8182
27.7929
18.0425
15.0831
23.0321
27.7991
35.7709
26.8421
36.0049
31.6032
25.0219
28.4626
28.2188
30.0521
37.6559
19.1997
21.3208
31.6355
24.6018
26.4749
29.4917
45.3966
14.785
41.4078
27.5749
27.2562
20.2318
22.5382
16.3264
35.5294
40.6553
24.4432
23.897
27.3113
41.9902
25.053
19.2797
19.2832
25.1652
25.4009
23.0578
20.6096
40.3049
44.1816
22.9386
23.2611
35.0612
24.8056
26.1459
26.4125
22.9746
33.4148
18.9408
29.9543
24.4783
31.5432
37.865
28.7753
19.0971
22.1696
21.2472
19.7678
30.11
27.1348
14.759
29.1974
40.8153
45.1073
12.8566
15.3614
20.0306
29.396
35.1312
21.7318
20.795
25.2146
23.5917
11.1161
30.4267
25.5739
30.1006
42.0747
14.8767
19.0893
28.2544
27.8671
29.6155
34.602
33.9925
37.2565
41.9822
24.8152
24.0476
44.735
40.0334
19.9257
40.1055
20.1777
19.5948
34.1767
27.864
29.3436
35.0506
38.9673
32.7662
35.357
26.5221
22.0666
33.714
38.2564
19.4664
19.8818
19.6293
21.8714
30.0223
27.8473
34.6039
25.9657
35.7281
38.9343
31.1612
32.525
32.5746
37.5582
35.9254
25.1676
20.6205
19.5313
53.2612
29.7606
36.0856
20.8956
29.6253
42.4403
37.4615
19.452
36.4998
19.8444
29.0984
38.9144
19.8938
35.3908
34.538
24.9248
22.5748
25.3925
28.1641
36.4061
25.2131
27.8546
38.3304
39.8346
36.8429
32.5235
24.5583
34.2167
18.3205
35.1847
20.1794
12.1926
37.8352
32.2374
40.136
24.4585
34.4136
17.0899
37.8609
39.5699
33.3192
28.0739
24.2259
16.4472
23.2702
21.8012
64.2335
25.1902
23.4069
34.2032
19.1808
34.3632
45.9389
23.6604
29.1884
37.4379
53.3982
27.1591
29.9736
16.5341
24.4126
30.0754
23.3647
34.3064
35.4626
19.0162
9.04542
36.4348
37.2734
48.1004
32.9084
14.1413
24.5317
34.9856
5.65516
18.0556
22.9463
15.2843
30.3356
30.025
34.4989
31.2698
36.7508
68.2821
23.9676
16.3361
33.1
37.3679
28.5409
25.5364
39.4902
40.768
24.501
24.4655
14.331
36.0604
15.2315
11.3918
32.5296
24.9482
30.9998
31.1927
22.4027
33.1528
33.9182
14.6325
56.6765
42.9161
28.6874
24.4101
40.8046
30.1953
30.081
21.9491
25.2155
26.6031
21.1329
38.1337
30.0442
27.6762
37.5858
19.7843
28.4479
29.8121
36.4649
32.8384
31.6042
36.7198
26.9413
22.9294
57.3632
14.2214
23.444
33.6911
24.5165
36.291
20.3051
51.5159
13.6674
28.5164
21.5041
36.754
23.8731
28.3018
41.2012
21.3399
24.2216
27.5695
31.2092
16.4595
16.4986
45.213
24.6248
44.8982
38.4284
17.6265
14.4455
36.8273
17.1084
27.1382
28.8934
23.6107
29.4091
47.3752
26.721
27.285
24.8884
28.3591
29.1817
41.5691
42.4586
40.1833
41.5502
38.7532
21.7942
20.5106
23.4181
18.1998
79.0586
27.3248
24.5315
25.3101
36.3836
26.4138
30.3794
31.2543
35.6613
22.5098
22.4808
38.1545
35.7196
30.1567
9.7252
19.2774
27.0663
17.8451
36.8464
30.4296
31.2739
26.5474
17.8323
29.7307
21.5757
17.5686
31.7904
49.775
31.5371
20.3584
14.8037
33.6549
24.4644
19.0415
25.9912
39.8698
13.4741
51.4741
17.0128
36.7757
16.9659
55.3598
36.1618
17.045
12.0966
34.6004
37.1464
42.9036
23.0904
45.5488
33.7966
25.4315
24.533
25.787
19.3469
38.366
32.0354
33.5519
49.8665
16.2097
30.6783
30.5462
43.0231
24.4049
52.0357
33.122
19.4525
17.5398
30.9107
31.7646
27.5236
54.7581
22.8094
22.9644
39.3018
15.2041
28.6911
43.3929
6.40687
29.0337
24.0903
26.321
33.0094
50.8391
10.8477
39.8559
41.5959
36.9342
41.4044
32.8529
30.2892
20.1032
31.4277
36.5545
29.5213
30.8697
17.5018
36.5556
52.4078
24.5885
31.9887
37.271
28.0841
9.67714
32.6506
29.6693
35.0747
34.1508
19.1901
18.4436
42.8389
33.2555
25.2062
24.3236
33.9409
19.418
38.5931
24.4582
40.1268
37.0182
33.8045
33.6325
34.1326
30.5543
30.9509
38.0392
25.1127
39.8006
15.7855
30.9919
44.8484
28.8829
31.9906
42.1463
39.1388
20.2668
33.354
23.2011
23.8568
23.897
37.4904
21.6098
30.1129
26.4234
24.3106
27.7619
15.7373
26.6506
28.3605
30.3129
10.5246
28.9585
32.0714
21.5983
23.2377
34.0635
28.6986
37.3874
23.0625
34.1055
31.843
23.4031
45.914
19.4777
28.5211
55.008
24.8046
23.6626
64.0931
24.6694
28.6452
28.69
14.269
21.6697
43.2595
14.57
34.3777
54.7244
19.5613
24.118
30.1037
33.6911
25.3703
38.4215
25.9684
31.1237
24.8217
12.4334
20.3592
23.9727
25.236
35.5109
23.2938
26.6648
25.9964
19.8107
36.1594
27.5276
40.2912
20.1982
36.9862
25.0248
19.8705
28.5536
24.6171
28.1516
23.5219
30.9387
46.0377
14.0895
44.6833
31.6098
18.2059
13.4518
37.0162
28.8478
39.4815
26.1877
35.7989
38.3489
12.1865
10.6882
18.724
41.6311
24.2524
29.5043
47.0414
31.3963
25.9291
16.0569
30.5213
31.8281
19.4809
41.8957
15.7611
42.0469
32.467
28.4958
29.3001
23.4241
16.4655
14.3586
30.8081
28.9687
29.9034
42.6725
46.1737
33.8813
19.2502
24.3342
30.2196
21.0609
24.3306
19.9585
29.4065
21.6229
30.2265
38.1888
24.8179
16.4122
43.7683
24.6338
28.8308
34.6098
30.6516
34.6422
11.2559
21.5992
36.3718
31.7059
20.4406
31.3438
50.9692
45.3989
15.034
55.1295
21.7526
28.1309
34.8097
22.3342
27.1912
22.4668
34.5334
28.1913
30.5581
27.2201
40.0503
26.3858
19.4863
36.0025
28.4034
26.1342
17.1246
35.3792
26.3296
63.6718
31.5508
25.585
21.1176
26.6953
16.6502
34.1924
23.7833
24.0187
29.8987
30.4376
27.6577
24.0018
29.144
22.0954
22.2948
28.3003
21.584
25.8979
11.6821
40.5828
38.5465
21.5574
26.9622
17.249
21.8303
38.2126
29.0706
43.1128
17.1917
16.817
36.7643
20.2143
22.0924
35.3314
37.2825
41.7662
35.2529
26.8828
28.6393
27.9359
36.6731
32.9981
26.8715
24.6933
28.9193
30.2224
29.362
22.2881
25.2903
28.7056
25.4395
30.7183
28.2487
27.266
32.2062
24.7266
27.9179
19.1271
30.974
27.0626
34.2103
23.6769
38.2031
19.5656
40.8107
10.9586
15.1232
17.7601
19.4453
35.4024
31.3836
32.7431
27.5087
29.5064
18.9346
31.1385
18.4397
27.071
16.2065
14.6344
13.5168
38.9103
48.0569
47.7899
45.7893
32.3475
21.8135
26.6442
33.522
54.0481
29.0844
25.1663
34.6976
37.8144
29.5125
5.26237
37.9926
51.5441
25.7812
28.2589
17.5108
34.328
26.7644
31.7528
47.4111
24.6387
29.7921
15.5845
17.4821
21.1061
35.5157
56.6712
27.2251
22.5058
35.9856
23.2098
38.3446
35.7082
24.368
40.2814
25.82
26.9182
37.2692
34.1813
23.808
14.1448
20.8387
19.1637
34.2859
31.6628
24.3287
29.1185
38.2699
26.206
21.7597
47.0772
32.2112
21.1484
23.0629
28.7389
27.2659
21.0415
43.124
19.6733
33.5112
18.3861
17.1721
28.1206
13.9509
25.5944
35.1002
24.8522
34.8194
22.3694
32.4614
27.5834
30.7595
15.5004
35.7191
13.8237
26.3924
28.1392
25.8675
13.9056
27.1171
36.5219
15.5985
34.2578
33.7048
34.8346
50.918
47.945
24.6802
34.7097
23.667
33.1928
33.2821
23.3902
48.046
49.9292
52.3961
27.7529
43.5885
29.6372
27.6209
33.4549
38.9675
20.5891
33.8333
26.5112
30.3387
42.1977
24.842
29.9271
59.5047
20.1712
24.99
40.5951
30.2928
39.7306
33.4925
28.1398
28.8123
49.2458
57.6624
22.0123
34.343
10.3821
27.1933
22.6958
12.4831
38.6045
27.8008
19.1228
31.6272
35.1782
20.368
32.4448
33.9546
24.1413
34.9996
50.7337
43.8054
13.8943
40.4459
16.8367
38.4914
47.3097
37.5096
35.7215
26.3565
30.4188
32.6883
20.1569
19.8365
40.8049
21.7978
24.2202
45.1169
65.5091
36.281
30.4357
45.2217
35.9576
40.7707
31.3258
33.5478
18.0676
21.9516
18.9252
35.5392
47.4158
38.6028
18.8743
29.5891
45.4968
38.6874
10.3685
31.9107
17.988
29.6195
41.4936
38.2559
32.5765
31.8783
41.2553
16.8008
25.4791
23.0311
32.3526
27.2976
38.8992
32.3046
21.4822
33.806
32.1821
37.5832
29.9841
34.6779
19.1998
26.9426
36.6202
34.0605
35.6513
27.5561
27.2778
32.9508
29.8812
33.4983
13.1365
31.8852
23.8588
21.7434
37.8965
48.3729
20.8168
28.1878
44.3367
25.7155
38.4301
20.0323
19.9716
42.0038
13.1842
12.3185
14.7645
19.4503
23.6024
19.8709
31.6141
44.805
20.3009
11.0094
18.6621
37.4647
25.2897
27.491
24.7121
21.4375
17.8017
40.0394
42.6896
28.6566
26.9584
47.6406
30.7859
38.0425
31.8814
47.3884
15.3912
32.7147
39.9269
15.2078
22.9809
32.6537
20.2636
26.8309
24.6564
11.6732
28.4029
30.7353
34.5197
29.5342
30.8284
38.5352
24.0817
40.7538
24.752
45.9629
39.8317
30.9124
26.71
11.7359
33.64
39.3167
27.5427
30.3266
14.7164
44.9887
29.1847
16.958
21.2208
17.3024
23.7286
26.8613
24.6594
37.0103
37.422
16.8786
21.1504
36.4521
33.8193
30.8995
41.5538
14.2031
21.8794
46.2777
31.2774
19.3026
26.8598
19.5209
44.5091
27.0314
18.7115
30.0948
21.0983
26.3124
27.8756
37.6594
25.9139
27.8009
41.953
17.5605
30.4997
44.8933
25.5869
34.3414
27.373
25.5315
21.3843
20.3729
19.3084
50.5508
44.3377
29.1478
20.777
22.3504
15.6301
30.3207
20.8039
24.8739
28.3292
42.2138
17.3853
55.4261
26.2785
14.6109
39.4542
32.6691
25.3881
27.5859
43.7584
27.0714
36.9524
37.9469
32.7522
36.3459
32.477
53.9521
24.0259
29.036
28.2209
32.9741
21.3268
30.6515
30.8669
18.6141
25.5461
32.0062
30.2392
24.3058
31.8074
36.8255
15.6232
33.5675
39.8329
29.1451
25.2801
29.9239
28.5823
24.4096
15.7521
40.8795
28.077
25.5388
31.1764
33.2449
32.1318
25.4581
16.8193
38.8914
35.0155
21.9746
31.0712
28.9443
11.2838
31.5631
13.8798
46.4944
54.303
39.7976
37.7482
24.1571
29.944
23.0903
33.6523
33.513
16.3892
35.5403
37.0866
15.9068
34.9814
22.6758
26.3769
30.034
22.1718
13.7349
19.3338
30.6852
35.4487
30.2898
32.5168
18.1775
28.8831
31.1686
27.4246
32.0771
29.0493
39.7612
40.9993
20.4017
31.0404
14.3463
38.6317
30.7847
27.4526
39.0314
35.1115
19.5246
49.4357
29.4665
29.4789
8.29535
27.5485
33.5282
27.3368
40.1132
39.5351
15.6218
40.2415
21.939
29.6242
28.9438
15.0453
26.0243
26.9517
33.5163
19.773
26.5866
18.8682
28.6006
41.0357
37.7223
31.8328
30.1786
39.8681
28.1943
35.9959
20.7897
25.4674
19.3256
29.9935
39.2548
38.6078
30.1765
24.9991
30.9075
28.9577
23.7839
34.4639
35.4589
23.6565
21.646
34.0371
41.2533
37.1791
40.425
22.3219
34.5656
35.5977
32.4883
43.4002
24.3266
27.2904
23.3
30.93
35.1644
15.6211
19.7985
22.9683
26.5868
39.8411
37.0546
20.5457
11.5353
40.7854
31.2174
22.8247
38.1402
32.2579
33.4164
16.4868
38.7396
17.3761
13.9992
34.3454
42.061
15.0013
43.9909
25.1809
15.4831
19.2481
15.0317
21.5558
15.4045
20.6363
64.1711
30.1293
30.3236
36.5848
37.2319
29.9046
14.3065
26.6301
21.4064
24.397
39.6115
16.5407
33.8058
7.64855
31.3514
22.3606
23.4447
32.8459
18.9075
40.554
28.4353
22.7619
17.8665
24.7551
25.559
30.2199
30.2601
32.3659
32.0421
24.4431
35.4051
16.8664
28.8237
41.2838
27.3332
26.7377
37.5168
27.9136
28.2668
34.7143
40.5872
26.3774
45.2033
16.7996
19.5159
26.2508
7.83617
14.7655
31.5627
17.364
12.0284
32.7989
22.4129
19.8354
25.7922
23.2104
32.8628
27.7329
21.7823
19.5792
23.018
25.5957
34.8362
17.7738
21.562
26.9155
20.6268
29.7645
29.4736
15.0464
18.1049
28.5768
35.9154
32.9696
16.6083
25.6007
15.8948
25.575
20.3126
44.5423
43.0233
22.0627
28.5255
38.6878
19.1343
33.6563
9.12612
31.3247
17.2297
49.2336
26.2451
34.7102
19.3363
29.2271
26.2879
34.2422
40.8219
13.3667
27.0493
20.1237
79.3399
24.0899
24.3619
29.3585
35.3169
27.218
15.2071
34.0645
30.0243
32.7896
33.5483
37.9637
32.8401
25.6088
22.5008
30.971
36.0407
45.0405
22.9532
28.6201
26.1974
29.2454
28.6392
28.0092
31.2929
34.8609
31.1466
28.3768
20.783
34.7821
30.2691
25.5205
40.5959
26.8423
32.1203
23.8155
33.7596
21.2282
32.1955
35.6579
32.9844
28.4767
23.2582
21.13
29.4031
27.876
14.711
30.2715
24.864
49.3901
36.3009
22.3601
12.7831
21.2002
28.5023
34.4861
22.6388
29.7581
42.3608
24.5931
24.1472
14.9776
16.9266
30.9073
33.1364
33.7492
38.1396
33.3695
36.667
20.3054
26.7023
26.9892
31.8253
25.8191
20.9556
17.3026
38.8681
37.0454
22.5382
24.7819
19.9818
34.5766
23.7198
53.948
35.5802
31.7531
40.9295
29.1782
23.2069
35.9176
25.2173
35.9523
21.542
34.5883
45.4087
12.7507
38.0799
23.1656
19.7814
33.1861
22.3629
34.9967
19.4443
33.8223
33.2738
32.1046
33.2336
27.7247
20.9396
19.8835
23.7816
29.6522
26.1279
35.95
16.9182
22.4794
23.6077
21.1684
30.2109
39.4791
31.4894
42.892
36.9695
27.9751
35.8335
23.0522
25.2532
43.775
28.9464
32.129
14.858
30.1183
36.3297
20.6866
30.9979
16.9685
38.6856
44.2663
30.2407
33.0825
40.4692
20.4409
22.959
49.4411
27.2023
39.5721
29.5486
19.6107
33.2789
15.388
24.2508
19.9026
12.8665
16.5832
19.1742
41.2037
29.9909
23.3064
18.0629
16.142
22.6209
13.3868
22.6004
27.2397
34.4691
30.6559
41.0147
9.88179
20.2471
32.0339
19.3362
15.6136
36.1497
32.3397
36.6101
26.8527
29.9118
55.2367
40.0677
57.5239
33.3237
46.5468
21.8997
34.4479
34.3971
27.5535
17.2606
34.7914
34.8237
13.7441
34.9447
25.4971
40.4388
21.8951
25.707
26.7183
33.2608
31.9831
48.4058
20.9081
41.6968
27.6665
32.6191
33.2923
34.8033
26.3829
33.1501
40.4728
19.9153
31.9339
32.9061
33.7809
30.8388
22.7278
42.9818
22.4657
36.6731
21.1415
47.1371
39.7319
24.9401
42.9256
26.2336
19.8642
36.4996
11.339
37.214
41.6196
35.7475
40.0269
26.5819
34.7543
14.653
33.3304
35.4569
34.1136
25.5902
29.7552
33.5732
31.4603
22.2328
24.7124
24.8646
32.5041
35.9286
36.7073
32.0724
30.5798
29.4265
49.1984
35.1401
20.8438
34.1809
24.1191
25.677
26.4234
26.8544
47.3328
14.1156
11.0607
24.5227
32.9158
31.7068
26.9855
28.0935
21.4434
31.4941
21.7159
9.8254
33.8448
39.8293
44.3513
22.2096
25.8962
28.1085
43.6167
60.5738
39.5816
38.8152
44.8805
32.432
26.301
37.767
31.1794
36.387
29.8293
28.0487
30.0753
13.0463
15.7965
32.2405
47.2284
30.0409
30.6917
39.791
6.64348
33.8792
20.5369
28.1821
16.1771
46.888
14.414
33.3078
20.6511
12.6948
13.8305
25.1114
42.0217
39.0042
22.9396
25.2033
51.6083
38.1
27.6098
36.6707
21.0686
25.6688
27.0354
22.1422
30.3585
7.87332
20.0242
23.1821
28.3289
35.3371
21.4638
33.5058
28.8711
38.7292
29.5419
27.5152
25.2034
21.2821
29.0683
40.5555
19.4709
19.7501
22.164
31.4521
27.2412
14.8286
20.6012
48.7084
21.0486
35.564
36.9358
31.2028
30.8168
41.1586
30.3093
35.7264
27.8698
21.8087
8.66223
27.0051
24.5831
6.44848
28.5229
52.8691
47.9409
40.9872
38.5799
39.8786
17.9291
21.0176
16.1773
19.3282
17.798
32.0146
27.977
34.4188
24.8159
35.1606
23.9618
20.4536
21.8542
10.8627
32.5729
19.5584
14.5355
21.6271
31.0036
40.8128
28.465
27.4548
33.8466
13.9118
29.2824
15.1874
44.3521
28.9129
35.6948
28.9351
37.1711
31.1632
33.6679
29.7889
27.5472
31.406
32.605
25.5307
18.3518
27.415
27.5011
37.4232
56.8149
18.473
17.2187
23.7853
28.8322
39.4587
23.3962
30.3227
19.8246
41.4177
21.1066
30.1119
28.0014
33.1533
15.5267
21.8632
24.4897
20.0699
17.7636
49.8955
30.722
38.7384
31.6793
45.6674
13.7142
39.6223
46.1487
28.2126
14.6451
30.1474
15.4375
18.1645
57.6839
39.9631
23.3678
16.6542
37.5691
30.1703
27.1165
31.6265
23.3586
30.4935
29.9043
29.219
24.2188
28.4826
26.419
20.3101
13.0223
36.4195
27.7871
27.7569
34.8357
35.1158
18.8001
32.2874
30.8892
26.0661
23.2775
35.3565
13.37
25.2356
28.5992
31.0884
20.5613
67.6205
9.6001
12.6107
34.1228
48.1271
22.4816
29.3575
28.3176
29.4312
29.5911
42.1362
30.09
15.3702
29.891
46.1507
47.5679
35.9223
24.5576
22.1421
25.8117
36.4048
25.1252
24.2767
34.9668
28.5097
25.6814
34.6561
24.964
28.3892
29.1336
23.6264
20.6429
41.5798
43.8583
27.9488
31.0666
27.1096
24.0166
20.0583
26.5287
10.9842
27.1284
25.0368
32.3244
25.1925
34.3381
37.9712
18.3024
20.2698
25.2883
31.7654
35.5498
24.4308
27.3677
34.4435
31.1244
22.9398
40.6758
8.65096
23.0887
21.0136
19.6846
29.5268
25.4846
20.6097
20.0234
6.5533
33.0536
14.459
15.8756
47.1132
23.1372
39.4885
31.447
25.7175
15.9107
45.1456
33.8073
38.6864
46.5783
30.3869
30.6191
34.8945
37.9189
23.2465
16.9584
30.0202
13.879
21.6361
39.2943
46.4304
33.8605
26.3918
31.8145
28.7519
37.878
22.4225
39.04
34.6633
42.1771
22.2615
9.30865
26.1637
31.6274
106.491
43.5784
11.7288
16.8199
34.8949
31.9671
55.2514
23.336
25.5641
34.517
28.3468
32.9557
40.935
45.0312
25.3981
42.8316
48.2856
16.154
27.2485
15.9557
14.2636
22.8528
28.1225
19.0039
30.3722
23.6086
23.4783
34.9389
28.0334
37.6707
25.4477
26.7129
26.2117
22.7508
22.2164
37.8627
27.5881
24.1329
20.5752
23.4445
25.4222
11.5439
26.0111
30.8975
25.5397
29.0964
21.5298
22.2591
23.7668
17.4985
38.7442
30.6245
30.79
26.9014
30.3297
25.9255
25.5565
14.2012
33.2169
24.4591
39.0116
35.0217
33.2005
29.8282
11.0545
31.9114
35.8604
19.6417
30.4146
25.8938
40.8165
22.277
24.4726
17.8335
38.4463
21.8682
22.5146
43.3127
21.5942
23.0996
32.6778
21.6934
34.6301
22.5354
40.7407
20.4166
26.5818
28.4108
24.9004
38.2417
32.5684
16.4862
34.7413
37.182
23.1061
25.7557
9.67414
20.8655
30.5536
29.5632
23.5053
28.4042
15.597
28.1376
32.2681
45.9761
25.9061
21.9974
18.713
24.6535
20.7418
10.8507
33.0862
44.769
27.6588
35.1712
34.9848
34.8868
20.4231
33.5798
37.5943
29.5484
33.6641
33.2892
25.5105
19.2764
49.0806
23.3892
19.9767
19.7584
31.2406
21.0494
22.9685
25.5224
28.9458
34.1423
18.1853
39.6888
30.4464
48.7202
15.1209
19.3787
19.5673
29.1321
45.4271
18.5501
38.572
30.1289
32.3525
26.2848
30.65
30.6498
26.5127
37.66
28.2175
24.5514
32.5114
20.039
37.6372
40.7587
26.5966
15.6986
28.6987
25.5683
15.4058
43.0759
32.9692
28.2457
25.4127
32.7836
65.8242
32.3972
27.5648
28.5641
31.5695
25.1725
21.9762
35.3149
27.1173
33.2371
24.5151
45.0861
36.561
29.3883
47.9954
24.1048
20.4364
34.8261
39.2126
36.0376
48.9832
24.9414
16.0091
33.4217
22.3358
29.0781
19.3519
40.7918
28.4179
23.8761
22.7211
27.1719
23.3529
19.4608
27.4194
38.7108
43.0651
23.5959
29.732
26.1219
21.844
35.621
37.1722
56.3532
32.3071
29.2519
47.9598
27.6667
35.6672
33.7313
32.9872
50.6472
29.1605
31.8825
21.5068
28.2469
16.8564
38.046
18.2955
30.2467
30.2575
22.3546
16.5763
33.6941
27.8915
24.4405
19.9032
28.1975
30.412
17.6922
19.9429
31.287
34.3395
19.7506
39.246
37.6956
9.14301
34.4264
28.847
16.7577
21.1249
26.8317
29.1632
27.0718
23.5811
33.2056
46.9896
73.8259
20.6359
59.5141
18.251
27.6819
42.6672
21.5928
49.0817
13.38
25.7573
29.2648
25.3377
42.0035
36.211
12.9069
33.1647
25.7832
34.8062
36.1681
37.5557
25.2909
17.3888
24.8115
30.7312
31.4128
36.1762
21.181
25.5903
17.2422
29.007
30.9422
26.1273
16.529
25.1828
26.3279
54.0871
27.5475
17.9078
30.2556
39.4409
24.6462
29.0787
34.4778
42.6744
35.4669
22.6784
34.7064
25.9928
34.1923
38.556
29.3867
34.1144
38.8286
25.8748
38.4737
30.7663
22.0805
27.1484
26.5531
19.1227
28.6795
21.988
22.9541
23.6496
35.8798
15.6202
35.8111
45.068
42.7679
18.5051
44.7286
32.0517
27.1809
16.4303
35.6998
36.0216
16.7466
20.2164
30.6256
24.7006
22.682
48.8099
13.9916
19.0641
17.6515
23.9928
20.322
13.1584
19.9731
16.8783
27.4527
48.9537
39.9855
56.4993
8.7502
18.0653
36.8028
28.0356
32.1561
40.5085
25.7897
21.2532
26.5915
21.3242
27.3714
26.3058
35.274
35.7682
18.4859
26.1436
25.2328
18.8044
42.5581
44.1951
19.9034
43.1916
22.5593
37.085
36.9565
18.9635
35.9548
25.198
25.8116
34.3968
30.029
33.1402
27.4889
24.4389
18.3149
22.7418
28.6105
16.1562
21.9367
15.1194
34.664
42.1372
52.3304
33.989
29.6873
15.0711
31.4408
23.5988
24.3626
23.4834
36.7768
32.0989
10.6877
19.2118
40.2486
38.0967
22.0933
22.5928
22.46
37.357
26.2283
35.2499
34.8121
18.5628
36.1708
21.3266
51.0782
34.5461
19.5202
18.964
47.9546
30.0913
57.2351
66.7307
45.2523
27.0369
27.5392
25.162
23.3561
26.6478
29.4604
51.0504
17.3883
22.0478
23.6728
29.639
45.7936
27.1387
32.9515
24.7995
17.7445
30.7384
34.4645
48.5206
28.032
46.9975
29.2505
27.8282
24.7739
33.0838
29.0968
43.1949
27.8972
56.4349
41.5117
23.4121
31.8257
34.328
23.0334
31.23
34.5909
12.6277
40.2912
31.724
28.6869
28.8523
28.9608
37.6794
29.3652
30.5722
29.8186
23.3046
27.5245
32.5689
24.1225
18.1418
28.6777
34.3834
34.0888
23.228
13.373
27.6781
26.977
35.2922
36.0576
33.4748
25.126
20.7371
23.204
35.5936
34.3245
32.4625
26.4203
35.2854
29.4144
28.7445
18.7867
13.3858
51.8677
36.4139
18.7865
31.6178
15.8287
15.1262
27.1375
35.2537
35.2087
21.8875
23.1948
31.3323
32.4066
28.6278
32.0096
22.3138
14.3154
16.6249
28.2712
22.5095
17.2512
50.9848
16.8458
29.1013
16.5215
42.482
29.9879
33.1001
54.51
22.904
17.2571
30.3098
28.9953
32.1146
30.2649
47.9318
29.0081
25.3755
39.8833
38.1202
36.815
17.7898
15.6771
31.5641
32.8475
24.2362
30.148
37.4607
21.4105
35.5986
25.3809
36.2906
25.4202
39.9879
36.9599
33.5433
22.7744
28.6431
22.8318
13.5204
35.6749
25.5578
35.464
18.9753
40.3826
34.3145
16.4098
32.8116
5.88278
26.4341
31.9387
21.136
21.9343
24.0382
24.2774
24.1412
17.4198
20.5289
27.9686
30.9908
10.4273
40.5774
25.3402
37.0476
29.9428
42.9281
34.3337
24.7625
17.9969
28.6931
25.5574
33.3158
31.1458
19.3654
25.5677
24.1107
40.8685
50.4952
40.162
18.4287
11.9748
30.8179
35.1296
24.1049
20.3614
28.533
47.1127
27.418
28.2772
19.3812
69.9895
42.532
40.5817
32.8408
19.5893
29.3276
31.2923
28.1243
25.462
29.7717
16.5353
35.146
39.7339
36.1795
16.288
11.1493
27.9308
26.0127
32.2369
57.0395
21.0796
15.8343
18.5277
38.0947
34.1669
34.9044
22.8285
26.4294
28.5178
20.3779
24.349
31.0228
33.9913
37.8048
48.9758
33.7038
19.3778
27.1911
26.9174
36.2822
38.6642
23.3001
40.9969
29.4486
33.2828
38.7435
20.9632
35.6534
19.2159
31.9135
28.2598
30.331
28.6688
10.2141
44.963
34.9775
24.5077
23.827
33.8474
32.4077
8.97329
33.3922
22.697
27.4597
43.6551
36.44
25.0562
40.3641
27.2097
41.1695
26.7317
33.325
21.3205
27.2091
23.4884
34.7508
41.3444
24.9958
27.5451
38.5272
19.4091
14.1219
53.0635
27.2242
25.7029
84.7018
35.4018
45.0481
23.8686
24.1709
22.3973
24.8872
30.7016
17.714
48.6019
35.93
11.1896
33.5513
10.1911
35.5066
30.6273
15.1623
28.6523
30.3573
30.5494
53.3463
24.8556
21.3719
19.173
31.6657
12.162
23.6565
25.1499
70.5708
34.2506
42.7503
36.6081
43.6353
33.4165
27.5367
20.8894
19.1262
31.1254
43.8523
44.1682
28.154
40.2029
17.4047
38.088
16.4831
16.8708
32.1217
28.2026
31.329
18.9088
26.6816
28.5792
32.2806
29.6477
38.5623
21.7565
29.1941
28.7641
27.3326
30.0937
23.9584
19.4283
22.5757
28.3996
19.9659
19.7627
14.5195
18.1843
41.7082
33.4028
18.4279
35.8184
27.9158
31.4716
26.2735
16.5342
40.7587
29.5676
40.2217
23.6517
24.1808
15.9503
11.6834
38.6493
31.5919
21.739
34.7166
39.5004
30.4746
20.8733
29.4404
30.5307
25.8519
34.8429
24.4146
26.4843
71.9947
35.3776
29.1679
26.0739
37.5149
38.472
43.3645
43.5845
27.2745
22.0935
27.7853
24.1454
39.9652
20.6958
19.945
25.4936
30.7661
21.3957
26.9501
39.1898
42.4629
25.7544
10.7885
28.5343
54.6705
41.512
26.8455
22.844
32.632
25.1851
28.095
22.9964
33.1154
32.4112
17.8384
33.7357
18.6781
20.8223
27.5876
48.6773
42.1217
28.2024
40.8838
36.4827
33.1252
46.9195
44.3621
27.4449
29.2754
23.1792
31.7704
31.1935
21.7147
37.2729
43.183
9.25803
34.8953
23.6985
19.6857
26.6249
41.1131
37.7061
39.8689
27.3763
30.1593
17.2818
18.069
11.3293
36.8499
33.731
28.6175
32.3354
28.9293
21.1643
58.6625
35.9864
36.4083
40.3694
13.5643
18.4006
28.2704
24.3799
23.9921
28.0001
28.038
7.86969
19.0924
26.1366
31.9853
15.8365
42.4243
37.9985
6.20144
50.8192
28.4563
20.8043
24.0967
30.1493
24.8735
37.9834
25.8987
33.1943
25.5896
40.0515
31.2304
23.4971
38.9617
18.4921
26.7812
42.6561
23.4541
28.3601
20.8042
36.0472
29.8659
49.1865
38.6157
19.2087
41.1208
41.9093
37.0375
21.1709
20.6799
69.8727
34.7742
32.1626
36.8844
30.4428
24.3574
15.1799
33.0107
32.7786
23.9645
18.3896
35.2166
22.0987
39.3017
31.7358
33.7962
28.5935
27.0613
20.2509
39.0424
28.9877
28.2534
22.5574
19.3801
30.7752
15.1526
29.8834
37.2123
31.0754
37.2127
18.8455
29.1729
41.6614
19.9414
43.0387
28.8765
26.2774
34.6318
34.6223
28.5906
45.5655
24.7425
24.2358
63.2347
48.353
29.0625
21.7474
30.4434
25.0323
27.7837
31.638
19.8685
25.0955
35.5855
30.8727
27.1286
35.8199
33.6158
20.0193
30.42
31.8431
29.3396
42.5019
24.097
37.9229
31.1411
36.3364
28.9589
28.3738
57.5858
22.9462
32.4282
29.1925
25.4979
32.4437
23.948
32.9686
24.5668
31.8304
24.8949
60.5869
51.6001
35.6651
24.6785
33.3975
33.9611
25.4901
53.4321
32.2145
15.5583
31.2981
28.2623
38.5768
29.5498
53.0996
21.5921
19.9492
29.1841
10.0506
25.8914
32.8663
34.9359
21.1341
24.6453
18.8267
10.9803
31.605
33.7836
38.1187
26.2949
28.6517
26.1813
21.5439
19.8065
34.0866
30.8995
38.7014
75.8658
34.3216
33.7682
22.7835
24.5243
13.9904
32.3644
17.0234
33.5981
40.4641
54.4038
19.9282
28.7211
32.8103
27.6229
30.5125
20.5495
51.0426
24.4081
20.4579
32.6996
26.1324
32.5044
47.0464
24.9366
33.7668
29.4464
43.7704
23.798
20.3828
29.3461
22.5233
27.6148
25.539
39.2203
18.8123
27.4418
56.5609
46.3658
27.4355
19.2635
20.8315
36.9171
23.2437
21.7695
31.2525
20.3603
34.2036
31.4853
27.8291
32.7147
24.0769
29.466
36.1098
40.264
35.4937
29.1334
16.5749
31.2443
32.4486
24.4841
34.2792
18.7786
26.5262
31.9584
27.3496
29.5847
15.3388
16.3198
41.6835
35.2693
25.1963
45.6218
60.0931
39.0349
22.9704
28.4225
40.4389
29.3487
18.7997
40.0226
23.4677
12.8428
43.3629
36.4097
32.9348
16.4253
27.5701
44.3774
19.1998
62.5305
41.0019
25.1533
29.1427
22.1573
71.0155
41.5707
25.2823
36.9549
19.3437
37.9215
37.9515
34.1379
12.8373
31.898
28.1803
25.6457
21.717
30.5504
36.7647
32.6603
40.2227
36.6356
23.5121
31.0227
14.3006
8.01227
19.769
23.469
28.2095
29.4895
26.9432
35.3724
31.8495
25.6104
31.3413
21.6315
26.0885
41.849
37.8547
39.5636
28.2553
32.8827
25.2975
17.923
23.5886
16.9355
26.4863
17.5866
27.6303
21.5605
20.3692
24.3118
24.8111
36.2228
23.793
34.9272
37.2315
30.8874
34.2118
28.6108
25.5954
15.9613
19.1716
23.3938
26.0478
29.6948
36.0316
31.6378
44.4862
26.3293
12.8388
34.9878
18.0209
13.518
48.9805
32.6108
37.1845
34.1644
19.6172
35.5209
40.5209
35.0762
33.9337
36.3018
49.5907
25.3964
28.4987
29.1949
25.4334
29.7851
27.506
31.6387
23.87
34.7844
31.7737
34.7355
25.7252
29.861
16.0442
21.8792
18.1642
27.2989
24.4765
20.2442
16.4449
37.4873
33.0814
40.9546
28.6822
33.7561
13.299
34.4104
34.3423
32.0059
48.7179
32.6318
34.0362
40.7514
39.5126
24.0435
13.2615
21.5531
35.5256
33.311
54.9964
22.1102
56.6858
25.6775
18.9556
29.7876
39.28
23.2806
29.5894
25.974
40.2659
39.2778
17.6481
26.6138
34.5003
37.6426
28.733
33.9437
23.6006
43.8529
43.2416
31.799
27.2108
29.8765
39.4954
24.7818
18.5307
29.2405
45.3719
32.4014
39.5321
23.6621
28.366
25.0723
18.1707
28.5278
38.1705
24.1237
41.8913
22.2771
15.949
24.6008
26.5533
28.1015
32.179
50.605
17.6179
22.5598
14.5754
31.4706
29.9968
22.116
25.7019
36.2367
23.2018
24.3342
24.9801
18.9498
21.2705
14.7366
27.7707
36.3143
22.536
24.3195
25.9739
28.6267
30.7768
28.1684
30.3886
25.3557
35.9192
25.1337
34.6236
20.1618
18.8937
13.7792
28.6269
36.4347
28.401
16.05
42.6209
32.9274
31.8903
17.81
44.0384
31.764
30.6912
25.3245
22.3055
12.2516
32.5332
29.877
42.8916
30.2729
16.5193
25.8154
14.2405
31.7489
31.902
21.0691
25.6362
29.5637
29.937
47.5045
36.1695
60.6576
50.0691
23.9871
37.8669
27.06
23.2342
59.6942
20.2462
34.9023
22.6736
23.4047
15.9548
23.7898
29.4875
31.6803
56.3695
31.0671
30.5845
36.5502
26.4103
27.8213
32.295
31.7922
12.8848
33.873
21.7959
37.4398
38.4866
32.8767
19.4484
60.2147
27.4451
29.2577
27.7048
32.3168
21.7305
21.6044
20.1073
34.7856
24.1113
21.1012
32.6129
19.5469
42.0385
18.1722
50.4493
24.6163
28.7237
23.1678
45.1674
24.3462
22.4799
26.1646
17.952
28.6061
30.6088
37.0328
27.0357
27.0246
29.1737
26.9651
17.606
41.2802
20.0703
43.5711
24.1605
28.5412
41.8403
22.3667
18.4105
27.1304
24.1651
21.8233
19.1258
32.4861
40.7412
43.8976
30.2733
27.6989
23.5367
35.1923
32.6515
18.1896
19.5598
49.2779
29.6259
25.1873
28.6423
31.3771
20.0981
28.3872
36.9942
26.9522
43.01
27.952
45.9898
21.0146
10.7887
32.378
13.3382
23.7052
37.9504
30.2761
20.4986
13.9656
30.3479
19.8975
66.3092
17.8348
54.2746
21.6595
29.5996
36.1384
21.7768
25.6903
40.7298
28.5002
24.24
32.135
25.8
28.8721
30.8873
31.2034
28.519
19.501
30.4958
31.9067
27.6386
33.6262
34.4372
36.9819
33.242
24.3244
64.439
25.6802
23.5318
36.4298
35.9982
43.2761
28.7461
25.3226
24.248
29.2007
28.9699
47.871
13.5388
20.8642
26.1502
35.3222
19.8722
23.5097
35.5882
34.7569
27.3043
29.7516
15.281
11.9018
37.6161
31.9702
32.5788
35.4535
16.8442
24.4773
36.4728
15.8835
28.5847
16.333
36.7402
42.6573
22.9701
15.3319
26.1033
23.7183
22.0104
16.9789
14.5799
32.8304
23.0757
26.7306
7.04607
11.2179
29.6891
28.0738
26.2117
41.2573
33.7535
15.0941
14.1457
35.7226
22.5279
12.3493
16.3611
35.7952
29.7588
26.7859
19.5649
24.1258
35.6857
30.4058
14.193
29.0073
26.085
27.4383
32.9538
18.2463
24.2537
41.2652
29.534
41.5141
19.458
19.3503
13.6917
37.1856
57.0161
22.0105
26.9898
26.2973
27.1333
37.9814
20.9583
23.6695
26.0574
31.166
48.6758
41.2499
34.7816
27.1244
35.0789
18.4203
36.3342
22.9285
24.595
35.5246
23.4211
19.7205
34.6256
36.759
32.0892
38.485
37.2344
40.6123
19.7144
31.0126
21.6516
42.4397
24.3257
36.2355
20.7915
23.0291
25.496
30.984
33.0087
55.0484
22.467
25.1907
24.2618
10.439
34.3794
25.0981
40.9489
51.2611
35.5052
35.6014
26.9391
31.3413
28.2144
24.1989
46.9224
39.2583
42.428
17.3423
36.6813
30.9366
24.4975
36.0703
36.6003
29.7286
23.1536
37.0016
28.1152
28.9945
36.7279
24.163
26.2062
25.6052
37.371
16.7712
35.1026
72.0941
29.2408
36.1201
43.0401
49.1565
22.2275
25.7774
23.8346
33.2413
40.7497
33.0691
38.3565
35.526
28.9334
35.3088
32.8795
24.1907
34.2803
28.9931
20.1391
28.9419
30.646
14.5589
41.0671
36.2402
23.7082
27.0531
23.507
24.5944
37.8665
43.9511
31.8033
31.4045
15.4066
28.4224
38.1716
26.0388
48.8922
30.2681
36.2894
23.8914
35.5707
29.2455
17.618
27.5118
12.4537
36.7258
37.6121
33.5345
34.6742
36.4642
28.4832
33.5527
27.7647
33.4234
41.2623
28.3165
41.0869
28.1961
30.506
22.9911
38.2855
33.5127
44.5848
28.5864
27.497
19.8
33.2141
35.0131
28.0373
34.812
29.5346
31.1318
36.1691
29.1797
24.9072
15.9572
11.7463
30.5109
16.1745
40.7158
26.5535
35.1587
40.4933
31.8179
30.2992
25.12
32.0689
50.212
31.0082
26.8054
18.0029
31.0707
29.6636
38.5264
33.5118
19.6412
35.1134
30.2187
22.4323
25.8552
31.9594
31.7875
25.8257
35.4395
22.8397
34.4388
17.028
29.0152
33.4442
27.6215
15.7301
54.2544
35.039
15.4185
29.7074
36.8017
24.9944
31.7524
20.4167
21.051
15.5101
38.7782
30.1286
27.9137
32.4726
48.587
37.0338
26.3651
19.2648
22.4472
30.8427
28.0935
24.8884
13.4609
26.1356
35.5403
33.262
31.0396
22.6012
14.5061
20.4894
14.8961
17.3168
30.8591
30.6375
14.8864
48.6646
47.8579
16.5671
20.1789
31.8016
42.5759
22.3156
39.045
29.9078
23.8554
24.3409
26.0728
13.1494
30.2533
25.2208
42.8454
22.0781
34.4238
39.5652
15.6745
10.5644
29.542
35.0256
32.008
30.2948
42.4642
31.5493
28.5173
34.4584
43.7952
24.7201
55.5786
37.0891
36.8895
33.8277
27.8713
29.7133
25.686
16.2389
24.4895
15.7323
24.8242
37.295
41.0247
34.7591
30.6047
33.3586
31.6058
23.32
30.1247
39.8124
27.9048
41.5281
28.3619
20.5216
35.1893
42.4237
36.3818
12.1359
28.8057
48.0842
19.8867
28.5818
32.56
38.5927
28.7837
37.2454
23.0389
32.3644
30.2726
38.7555
28.5333
35.0026
30.9596
69.1604
40.3308
16.8125
23.23
42.8505
20.696
26.055
31.7858
25.7554
20.8641
27.1677
21.4867
40.1909
56.4274
26.8762
27.7088
38.8277
16.8073
15.609
29.498
43.4711
58.731
27.5004
25.23
22.395
22.3234
25.901
37.2163
24.8597
26.2257
29.4994
29.3661
32.5471
51.5455
24.6157
38.7857
30.3213
25.8098
21.2106
33.8262
29.28
28.6762
71.0768
19.4638
27.7288
36.3381
26.9113
44.4842
23.4852
24.4487
37.7261
15.4742
16.3968
21.6315
27.5064
36.3371
52.7694
26.7044
49.3604
23.5004
33.8047
16.7508
34.0021
18.7914
34.268
31.2944
36.0312
28.4758
35.0155
33.29
31.204
27.9131
35.6596
25.8953
23.6561
34.9122
34.5898
20.4819
25.0897
32.3301
31.7842
39.6201
21.1432
22.8401
33.6233
36.4328
29.195
47.7109
13.7186
28.3097
53.8971
34.417
19.9762
24.7502
26.1901
33.2496
36.6908
22.9451
14.6605
49.2075
22.1726
27.3788
28.3054
32.2249
33.385
32.826
44.0405
23.7222
17.2674
18.4718
21.3841
16.7604
37.102
35.7316
30.6553
38.9992
34.7172
19.7831
24.2002
40.8574
24.749
41.7311
36.764
18.1075
14.8786
13.5891
34.5452
25.8267
39.8891
45.3646
14.3817
43.1298
37.1718
28.3075
38.6206
34.3066
22.0143
25.3521
28.1696
42.1566
37.3911
25.0013
34.2593
30.5079
45.2484
39.9198
22.6763
22.2059
36.287
27.3175
40.3892
27.1575
28.4626
34.2345
43.4622
19.5937
24.8897
25.3423
45.7877
33.4738
41.113
20.6332
27.6353
22.4741
27.9889
29.151
41.8265
31.048
25.3607
29.3346
25.6289
21.2064
26.0457
18.767
18.8016
12.6292
20.4275
26.6757
26.8132
38.896
9.93271
29.3702
42.6985
39.4633
16.1151
34.5441
22.1185
23.3595
37.8261
41.3954
35.5637
11.6696
21.2834
34.8841
10.1198
53.293
10.1634
24.0062
38.3512
25.0103
42.6776
29.6228
63.1476
33.9581
23.2021
33.5868
9.5732
28.3632
22.64
47.4098
36.4088
38.0238
25.0184
35.4739
33.1568
28.4606
14.3407
16.5664
26.1829
34.3043
28.7506
13.6621
17.6298
12.2632
25.8328
38.5247
31.8704
34.7218
34.7274
21.6865
29.1042
29.0621
22.5729
25.7422
30.6738
27.538
26.7038
25.6672
54.8509
22.7898
20.9594
15.6413
28.4577
16.7117
38.4125
27.0738
8.27416
56.7007
28.4022
35.2418
44.5648
37.6748
17.4508
28.8284
37.6235
28.7675
18.0064
48.8976
41.483
39.3999
38.1079
41.3502
34.0638
45.3093
29.4091
34.2137
25.4359
19.8069
40.3103
30.0121
32.8445
34.7258
40.7522
37.9568
24.9499
43.9707
43.9903
36.0729
30.3375
20.2387
33.9509
24.5499
45.5411
26.6966
45.9506
19.1777
28.1646
26.2511
22.2329
41.2984
22.3395
38.8824
24.2798
27.7636
35.0843
32.7228
18.6961
31.1132
29.7048
24.0085
21.1035
24.8704
32.4964
22.7798
22.042
36.7215
33.3198
22.5339
29.1666
33.5008
14.6139
11.1444
32.2333
7.40471
39.4712
40.2107
28.3496
34.0586
24.4244
21.726
16.485
11.9138
27.2967
29.5618
37.9321
25.3723
25.9682
25.6873
31.48
34.669
25.6256
28.436
21.3105
10.7687
10.0506
28.9234
34.342
22.7172
55.9967
42.7354
28.1893
31.8587
16.7871
25.8899
42.1512
35.0107
29.1675
39.7863
39.0794
43.0544
41.916
32.8731
34.6514
24.4184
18.0272
17.5442
30.2892
31.2401
12.9682
17.7612
18.2875
26.5671
36.9465
20.3685
30.4458
50.6961
38.0518
42.2005
22.3688
27.0631
23.0584
16.5069
31.4858
31.0099
24.8935
23.8437
35.2582
26.8039
35.752
30.4613
35.4933
29.2394
55.2325
23.0282
19.1725
31.066
24.6772
34.8172
36.378
32.3704
22.7847
47.8771
17.5375
38.0494
25.6072
49.1687
26.8108
31.3202
23.4614
28.7799
25.0709
17.8603
15.6879
35.8262
11.8154
19.0074
26.8266
30.5269
26.1352
32.0822
18.9983
47.6918
40.3278
35.1116
41.7731
39.7229
11.8114
11.9914
28.8645
20.6747
39.3956
32.4296
50.425
15.5168
20.9225
38.2843
34.1791
33.3761
37.3188
19.2761
13.0297
32.6545
28.0508
55.0828
34.156
38.561
54.6088
25.6049
14.1308
61.9897
21.5013
50.6385
68.2146
26.6537
25.0825
20.4066
27.5328
11.6784
20.8778
29.9914
34.854
50.998
19.8803
35.1098
27.7133
37.4236
37.7003
15.7725
39.0677
25.0655
27.7059
44.883
47.0429
30.3836
20.4576
25.4294
13.4535
30.868
28.8582
12.2597
15.7874
44.7636
28.8833
28.3279
23.5856
35.7931
52.8088
35.9633
33.4744
22.955
32.8485
24.0364
40.1329
10.6039
32.6653
15.4919
14.1885
45.7366
36.1363
21.7152
26.9338
21.1784
25.5092
30.0009
29.7936
23.9097
42.0114
40.256
33.8905
28.2157
32.3547
24.411
26.1941
34.9308
14.1493
29.6248
51.8366
39.5349
56.3127
32.2462
36.2254
28.3791
28.5982
37.6541
27.6178
34.6777
28.9845
29.8479
20.6459
31.2595
26.8967
37.3686
32.7889
25.4065
39.8377
31.7268
18.7138
37.4433
32.2786
30.3806
49.5414
30.7673
34.0052
40.3434
21.9617
23.0668
30.8781
23.545
21.1301
22.3901
37.4217
32.4891
35.6336
30.4726
56.0268
19.8273
41.472
33.0589
21.0173
28.281
34.305
41.911
18.6423
29.0938
24.3
23.5773
34.8356
18.3708
27.5256
29.5894
36.8179
36.4169
20.5697
29.54
14.4279
41.9141
23.8314
29.4382
29.6864
31.5464
16.9685
19.6049
49.5075
31.6174
45.3242
20.2215
33.8388
39.615
21.3845
20.1382
24.3715
42.1314
22.6749
23.6211
32.2114
38.7862
21.4362
29.5855
35.4314
29.1595
24.9876
30.4397
27.1015
19.3708
18.4403
37.5345
13.2777
31.033
12.873
21.4605
18.0065
31.5651
20.1556
29.9643
26.0994
11.7956
36.2102
29.678
27.4905
39.5196
43.4805
24.9583
24.5867
45.5129
35.1509
26.9396
21.8798
29.3053
35.5902
50.6739
55.8142
30.5199
36.9439
39.3152
33.4189
11.5078
30.6564
27.7967
19.3621
15.3577
19.3279
28.4503
33.7728
33.1043
52.6007
37.9323
47.0277
25.2883
23.3682
26.2403
29.1558
29.9828
38.3012
39.4135
22.2482
24.0904
15.9543
34.415
23.896
31.6237
27.7699
19.5571
34.4385
19.87
27.9318
24.2997
27.3362
35.2774
27.1012
33.0572
19.0727
22.7315
41.3211
11.7294
44.1546
25.9532
37.4781
16.2475
34.2674
41.1266
21.7591
14.4659
22.2134
21.9089
29.3083
25.3801
21.2602
28.0209
16.6008
40.011
36.5875
37.5019
18.4155
54.0237
29.1474
32.2432
49.3953
29.5175
30.5524
28.6495
32.0484
19.5802
72.2993
20.0572
33.436
20.5874
34.075
28.0953
33.2608
39.3796
22.6288
34.0853
34.0704
16.7071
35.2007
32.0915
45.3945
47.2401
16.591
19.7306
37.677
19.6288
14.8685
25.7852
33.1795
24.9811
24.3918
23.3429
30.6954
43.3886
25.0449
13.3234
21.1497
16.2289
35.1947
23.9787
26.6152
25.2553
32.3723
22.7808
23.918
19.4918
25.9291
20.5453
24.5771
27.4812
34.7371
22.0666
35.0959
14.6166
44.5139
17.6718
47.7742
28.9219
12.7662
47.5765
21.7368
22.2978
18.0913
13.838
13.6918
29.9419
32.6879
38.0572
43.8892
39.4513
22.5526
42.7667
27.6773
45.3475
32.5244
36.1588
21.9346
33.863
14.7918
27.9583
43.1936
24.0836
36.8326
37.1044
30.2815
16.7149
28.069
23.5787
30.2481
22.8575
18.7231
25.7935
40.0582
25.0665
19.0527
51.3688
32.2902
28.4264
22.242
67.7435
15.1958
45.9916
16.677
41.0294
34.2998
28.4969
58.1032
23.2593
45.0735
19.7626
19.1259
36.6181
56.9451
45.6121
21.9915
24.79
11.3117
33.9439
55.1743
28.6457
30.8366
35.6383
35.2487
25.701
19.1919
20.4463
9.43743
27.3283
22.1206
29.9383
17.2741
54.5155
13.1243
13.1664
26.6721
17.078
26.6903
36.4465
34.043
32.1205
20.6659
27.6708
42.1038
18.7298
39.751
48.632
15.2819
14.8399
12.865
32.6176
28.8533
13.3467
15.4211
20.9307
31.3832
23.0008
25.6854
25.7371
37.2997
27.4775
22.5866
21.9289
17.0553
20.6111
29.8992
34.2504
18.5707
26.034
36.0781
50.284
31.3272
28.28
41.8986
25.1533
26.601
22.8922
13.8418
36.5089
45.8342
37.3898
30.0597
40.0941
24.4869
28.0941
26.3848
30.9686
20.1544
32.4702
31.9457
26.4863
27.0851
18.7082
28.5941
42.5201
13.62
22.6077
27.6033
25.6563
29.4377
34.0192
41.0053
29.1566
26.3265
21.7043
15.7322
40.5332
32.4381
29.2671
29.5982
26.9247
31.059
19.9359
51.5954
12.0137
23.4229
9.6978
32.4246
26.0491
27.7466
24.2512
25.2735
24.9803
19.3992
21.6601
31.2806
37.0641
20.2482
24.505
13.4893
27.7332
41.3818
29.036
27.2851
31.6941
17.779
30.221
23.3091
17.8273
28.7017
40.3813
37.1938
43.4386
9.83998
16.2046
48.6881
40.276
37.456
31.2491
26.4564
22.9676
17.755
30.715
42.9849
56.2501
29.5655
29.4524
20.539
30.9798
35.6708
17.521
26.1761
36.8068
36.1913
23.8128
40.6938
13.6808
33.8847
34.407
16.0784
13.1901
32.182
25.6659
33.9336
44.999
18.6969
31.4572
30.3048
30.2663
46.6337
30.8759
27.1704
24.5425
31.255
41.3368
40.1623
23.0683
31.9696
24.9713
30.1993
22.453
25.1909
56.2155
26.207
16.1134
35.5002
40.5865
27.7963
31.1905
32.8061
33.7823
35.3851
21.1205
40.8685
21.6278
28.6557
36.6
16.1987
38.171
20.1878
39.0005
27.7615
28.0118
24.7974
39.5112
33.4475
34.9019
20.6436
19.6943
31.2174
32.8403
32.6677
34.0368
33.1281
31.8181
27.9288
31.8165
17.4467
12.6812
43.838
23.5952
35.8285
26.299
33.2007
20.7746
35.3811
21.6191
14.1108
28.5578
17.7163
18.7193
28.3807
13.6012
30.1136
30.0896
19.5781
30.1931
22.6392
22.0435
26.9006
38.3213
33.5677
19.2172
19.2963
35.6589
26.9812
27.6312
39.0176
32.3644
47.4299
24.6897
27.149
48.4891
38.7745
28.1204
25.408
31.5924
37.6317
43.104
51.5402
26.5579
16.1971
20.936
16.1211
30.5968
16.408
35.3278
25.9176
26.0382
24.8896
27.7392
26.1942
34.393
21.8212
16.8403
22.7583
37.559
25.2325
50.8919
44.4839
34.4834
34.5709
13.9316
25.6315
28.4267
44.8594
35.1363
28.9641
30.7512
17.6167
32.6479
32.3524
27.7759
19.7357
55.8684
22.4447
12.5587
10.1206
51.3467
32.6334
28.9543
42.8583
16.5535
24.7757
28.2484
24.5447
33.7388
27.95
33.7941
23.1186
46.18
23.942
40.3384
20.1936
21.6328
24.9617
31.64
24.706
25.8269
18.6293
22.9061
31.7193
22.7455
27.5055
25.1164
35.5985
40.6033
39.5628
22.2241
48.3431
40.5718
28.9127
43.3095
18.1217
25.1639
23.0349
25.6283
34.9431
21.6921
34.4697
39.2211
27.0425
21.8614
34.0486
32.7165
35.2515
53.8506
25.0667
16.7454
38.0224
28.2236
26.3536
48.865
47.1448
20.0975
23.7633
28.2577
42.12
21.4527
23.6023
40.004
33.6587
21.3974
27.1304
37.1872
39.9723
19.5195
36.6875
39.8131
9.07003
23.4281
24.149
33.3625
48.7305
38.4626
37.8193
24.1717
34.1167
16.6739
29.5754
29.1409
22.0058
11.4752
31.848
27.1212
16.618
27.0764
28.7561
24.4681
27.5242
25.0175
30.6002
32.9877
35.9209
23.8448
34.6588
27.717
27.305
45.5089
32.2678
41.1633
17.4385
25.2921
32.5702
18.7712
28.9116
21.0811
24.8482
22.0582
35.7643
31.2939
26.8087
30.785
34.8362
34.9964
19.3436
23.3936
35.5831
27.3627
35.9317
18.3318
19.4742
19.8385
30.2316
35.0205
29.5059
33.8685
10.1489
34.4199
31.1284
21.5389
55.4079
10.8701
27.9689
19.0952
13.8608
44.676
41.962
24.5707
25.7563
33.7294
30.7786
42.6999
41.3853
23.1627
25.8938
47.2393
31.7892
19.0447
34.1307
24.2342
28.3742
29.1045
23.5311
28.975
35.468
25.8218
59.9327
25.8884
26.013
22.3992
10.7143
29.134
30.6685
31.9763
21.6978
36.5831
30.1991
31.5251
28.677
43.085
34.7688
23.5337
38.5925
27.897
35.6809
26.3444
24.8216
11.4461
18.0429
21.5812
25.0427
34.1918
29.0714
37.106
26.2116
18.7339
29.9634
32.6708
27.1346
28.043
27.8421
23.0648
34.302
32.4229
27.0753
27.6913
22.8705
23.7498
10.7342
32.5825
16.2891
15.9635
26.8552
34.4991
38.3442
36.6388
47.8591
37.5696
27.9895
31.2566
35.3287
30.5845
13.2522
39.6313
24.0658
29.72
27.1606
25.416
33.509
40.9201
27.7079
40.6011
41.1017
44.877
47.5267
33.4022
31.9346
25.1448
15.6218
17.4218
22.0255
33.309
32.6428
18.0578
15.3725
18.9301
31.5726
33.3977
37.286
27.2267
32.5039
24.9114
38.2186
34.4678
29.6487
30.5274
30.817
37.0722
15.7802
32.8835
46.262
28.6784
43.2045
31.5277
28.3698
21.1282
34.7644
29.4401
23.7022
24.9716
40.6702
27.7965
33.6875
29.0417
31.0485
32.6857
13.634
22.2902
19.8005
18.7842
28.0972
43.6194
17.6825
40.8187
19.1035
31.1889
25.4003
15.0297
24.378
17.0179
42.0305
7.66295
28.164
24.1583
54.3857
30.7835
25.6498
23.8329
27.0765
22.048
27.0372
52.0505
37.1556
29.5996
24.1032
32.2845
47.6366
21.262
16.2291
15.0541
24.3337
26.131
19.7771
25.6459
22.6661
30.8584
36.3463
23.0912
33.0692
36.0829
18.5172
15.8243
27.1699
21.2924
18.5953
20.5355
24.2109
35.5781
14.975
35.2848
40.1437
37.1264
24.0898
16.4334
40.3544
16.6441
33.0047
15.7099
38.6489
26.4722
26.3486
37.0268
23.5655
13.2543
20.4549
26.0006
35.0174
19.3856
49.4373
16.1755
40.6335
22.1844
21.1687
17.9443
42.1778
15.9967
18.7733
28.6107
27.7955
26.1891
38.2706
28.9856
25.6629
27.8339
11.1987
31.2177
36.7621
20.8963
11.0902
53.3477
30.0255
26.6962
24.7844
22.8802
27.7375
31.5167
28.6709
25.6748
13.4595
37.724
24.1321
28.2261
19.3994
20.7747
39.1944
18.8568
26.9792
28.9827
25.7377
35.879
21.0947
28.7429
49.7182
39.3031
50.4854
18.8234
14.4704
20.6481
30.6957
17.7345
39.8155
37.8463
27.6554
26.0998
34.7797
38.0735
24.7731
14.9266
36.936
24.4941
24.156
22.1212
19.6751
32.6703
38.8977
34.0738
31.9977
27.9624
12.6787
20.2024
22.8303
29.2577
74.7457
33.4333
25.1706
33.1796
31.3693
39.6947
27.4192
25.3314
40.0681
19.5376
26.7285
39.6998
41.6568
32.3539
33.2484
21.9686
48.2912
31.8687
35.4176
22.8394
22.6888
25.6274
15.6503
46.893
32.2011
24.3201
18.7213
63.9243
15.8046
30.3094
39.3951
30.6946
32.601
19.4668
19.5317
39.4435
30.0975
13.7295
28.3214
33.6204
28.0388
11.7608
32.7927
50.9968
15.6112
47.8081
22.8704
32.6455
29.9085
44.0953
59.7543
27.1731
24.2268
41.2993
43.1261
27.7038
33.8002
37.5932
16.9875
39.0023
31.3637
46.4678
12.6652
103.428
33.5131
36.0142
22.4777
22.3748
30.389
21.9407
27.7395
21.703
34.2228
27.332
25.2663
21.189
27.2494
36.4663
16.3298
35.8423
31.4985
15.6387
23.8423
43.8777
28.0487
41.206
48.1629
30.9542
22.5507
54.5947
42.7375
36.957
17.5755
33.7786
28.2063
37.3488
33.3527
38.747
28.9786
30.5256
20.4474
17.5201
28.4261
19.8206
30.158
45.2083
15.3934
21.8684
17.5604
29.6079
30.6294
37.9942
15.4076
42.2204
35.7498
16.4227
24.8326
15.2718
26.6279
30.347
24.2299
22.7969
22.5748
24.4548
33.3473
34.4913
28.5313
30.5752
49.9635
45.0806
47.802
29.5146
20.9471
22.5406
24.4636
21.3058
30.8875
27.3012
33.2315
34.8755
35.638
27.185
16.5101
17.734
21.6284
26.3022
27.6799
28.6312
22.8739
35.6112
23.8824
21.6985
4.44431
24.6428
76.2862
22.9814
43.209
33.4682
21.7421
23.5867
21.2242
27.4658
21.0801
15.4717
10.2579
25.419
28.5185
39.8435
32.1707
37.3269
45.5446
39.2365
23.3949
34.7194
28.2233
25.9554
33.827
23.9751
26.9987
32.7347
28.6966
24.1239
40.8518
21.15
32.0981
25.3576
28.102
36.0835
28.1298
22.1476
15.7091
27.2572
24.1242
27.6045
16.1688
15.2459
28.5652
50.7867
19.1754
42.6406
30.0292
45.2443
28.9094
43.4118
31.908
30.6462
28.2767
24.3823
27.8693
14.9742
12.4367
19.39
38.949
22.4788
47.6543
18.1709
38.9473
29.9261
18.9242
22.6016
23.9496
41.907
44.2254
43.518
28.1703
12.0368
31.3734
24.2944
32.1608
19.4577
29.9304
19.9022
31.9996
37.0798
26.0039
35.5513
24.8062
22.2754
18.9415
23.773
18.4164
35.9432
24.0062
30.9928
34.4183
29.7587
49.9047
17.9266
44.1368
49.5202
20.9795
30.8457
19.2708
30.0001
29.2478
16.1525
18.7994
44.6441
13.634
47.968
17.3157
40.3469
34.0301
10.5978
27.4879
33.076
21.4088
28.8673
38.5443
32.8315
26.7722
23.606
30.4671
12.0691
19.4098
20.876
31.7779
54.1727
28.2297
29.7613
34.6483
33.7684
37.9426
38.2912
44.4644
32.8787
12.0585
45.8986
37.832
32.3359
47.6637
20.986
21.9927
26.8542
37.5502
24.8145
32.1743
22.6446
39.2727
37.7426
64.8049
35.2148
44.922
23.3349
27.1466
28.8202
53.8108
35.7878
41.0589
28.7869
41.9354
15.8053
19.1443
64.0832
24.5702
36.3521
35.7816
21.5691
27.2772
30.8708
27.8856
18.9708
42.0459
26.8231
21.0936
34.572
31.7066
33.7675
39.1539
35.4168
28.3571
22.3844
33.9982
34.3434
33.3484
24.3181
34.8957
29.384
43.2413
24.2527
11.7935
26.8231
29.0515
19.8228
18.8397
29.0414
34.717
29.5856
25.2498
54.5783
34.3194
22.7811
18.9047
31.9767
10.9635
29.6522
26.4799
18.5961
27.375
32.3706
18.9586
39.0932
18.3587
29.7008
25.6818
45.0056
36.223
17.3699
24.2795
52.7693
26.4703
38.4756
35.2005
36.5207
17.8334
23.7449
34.226
49.7379
57.2359
20.2799
37.3189
20.8262
30.0908
29.6114
36.1874
37.6939
46.3266
24.3469
33.7863
27.6906
25.0001
47.6206
46.6605
24.6531
27.7902
28.888
21.3641
29.2783
33.404
31.9045
34.7334
22.6675
28.7832
43.4604
26.669
31.5808
23.0769
24.1866
31.043
50.9836
22.0437
21.1038
33.5579
40.8105
38.9035
49.8695
24.5535
38.7645
29.7801
20.5712
22.8314
25.2567
32.8684
22.6518
40.2302
18.6577
23.9724
28.6548
32.1188
25.4348
49.8066
23.1494
24.5279
31.5927
22.9242
21.1848
31.3305
35.0711
34.7909
17.5528
37.2294
20.7223
16.3762
13.3866
31.7825
51.503
35.2157
32.968
31.5647
49.294
26.8277
40.8743
41.1731
24.2513
26.6759
24.9791
35.934
28.1753
25.8533
14.7955
24.9024
27.2604
26.1983
21.9879
31.1928
35.653
28.8511
26.1822
20.1951
18.5773
41.8238
39.9603
30.8472
27.795
37.3845
15.6604
30.0108
33.4841
27.7333
26.8541
27.7732
44.0261
16.7401
34.8297
35.2958
17.1455
38.0132
35.9639
53.2733
38.8682
22.4078
32.0139
23.9419
21.7887
27.5608
33.6324
27.2695
25.2497
37.5218
8.636
24.8847
26.1398
30.8528
23.3915
20.0409
35.3159
32.9332
41.7336
42.162
25.1868
45.9498
31.6082
18.9385
22.2878
40.1683
16.9157
43.1833
43.9619
21.6218
19.1657
26.1376
37.7831
26.6607
21.4449
29.7114
24.381
26.5036
27.049
19.3053
27.4563
13.7096
28.9668
41.3824
18.4839
21.9508
12.501
30.522
49.445
44.0964
21.79
19.7648
23.5019
45.1621
40.967
8.9506
25.8674
14.7789
23.3805
24.7572
40.8828
49.3897
18.7255
45.297
40.5147
25.0282
30.8868
29.2787
16.0894
53.9165
22.604
29.597
17.6852
28.2424
31.4313
30.7703
38.0202
26.7872
30.3406
27.203
19.0632
21.4534
40.8601
33.8591
21.4257
31.4929
19.5705
27.1883
25.9539
20.0219
17.3921
32.7005
46.2197
19.6294
32.4385
35.1018
24.5759
33.9882
28.6042
19.9232
31.6686
17.3782
25.8091
27.5008
52.2888
27.3814
21.4861
12.6168
21.1684
32.5358
26.2439
21.4598
25.7934
43.7842
21.9178
27.9038
16.0933
22.5725
55.9197
24.2799
30.5386
22.2812
39.92
35.9834
28.9016
38.7516
25.7354
33.9897
20.4267
28.3447
29.6946
25.1208
37.1115
33.6633
34.6533
32.0942
33.6811
33.0925
36.2901
51.4884
27.8409
32.0908
25.0322
13.1016
18.3954
32.6552
28.8046
26.5916
14.629
40.8532
29.0504
34.1228
33.3171
21.3018
31.6786
38.5095
46.8904
30.4115
24.1062
47.5584
37.2282
36.4398
49.0819
17.0369
24.0866
33.8523
27.6099
21.0276
34.7681
20.1564
12.9054
32.8101
30.5392
35.4558
25.2102
24.9546
32.2229
46.0237
19.1013
18.9092
35.0041
31.7615
40.9591
15.2062
40.9359
8.74007
19.9503
26.8589
24.0894
20.2635
24.9822
34.4796
36.2148
38.1126
28.105
24.2325
14.315
35.0905
13.3135
28.0736
27.5454
29.4257
24.9334
31.2659
42.4822
7.00977
43.6103
23.5326
28.8672
20.3498
9.56931
52.7069
28.7507
45.3177
22.0365
26.6349
33.1534
24.7842
38.0954
23.0533
27.4572
35.318
37.2878
15.8047
23.0524
35.549
35.7622
46.1203
29.7369
29.4638
33.3298
24.4383
18.5954
47.1333
20.7432
24.7377
26.2122
31.0051
29.5362
31.9814
28.5668
29.9024
41.9983
29.5459
28.0403
37.2048
33.2434
27.4972
36.9374
60.7218
17.1662
25.1377
19.2863
35.9469
33.3852
30.3825
21.0922
31.9431
45.8277
19.7787
30.9283
31.584
42.5414
30.4501
37.2411
39.4493
18.0209
19.6805
23.8711
17.4065
43.7523
46.3405
5.31876
18.0137
33.205
21.5082
21.1684
25.1328
34.4169
29.1386
24.7406
29.47
27.8214
30.2594
27.2663
29.6761
18.771
30.1435
24.8966
28.9978
36.3897
37.823
20.8753
35.6878
32.5472
19.3575
26.1518
23.4502
44.7814
34.6648
26.1166
20.7136
29.3575
42.5832
8.80192
21.064
42.1157
28.5549
51.9948
29.139
25.2031
33.1056
27.492
20.894
34.4049
26.1802
15.6422
34.6758
30.0548
45.9946
36.5372
32.0561
13.5669
21.4615
27.063
24.0821
16.9883
41.5265
18.7408
32.8565
41.4203
27.8914
26.1853
37.0272
17.9372
27.3027
24.3374
22.2146
44.1465
32.7048
37.6922
19.241
18.1265
37.0835
36.1941
32.4318
38.938
26.5068
31.7425
27.0019
36.2981
19.7107
28.6527
29.9492
35.7851
22.5431
24.5462
25.0058
49.4788
24.8142
26.5781
23.5549
44.9395
32.5023
34.38
28.8657
49.9355
26.2639
34.8071
12.6616
23.5291
36.1763
23.427
28.2333
23.3237
21.5452
25.2361
37.3542
40.3236
20.9287
38.7124
28.8815
30.762
22.5789
42.1167
34.009
41.4475
16.3923
25.1239
34.7094
11.1277
40.2263
42.8797
10.4311
49.6502
23.2442
38.4399
18.988
42.3322
24.4363
37.0401
29.9393
33.8437
17.9133
19.4567
23.5044
25.3061
17.291
33.3439
13.1829
43.3215
17.5841
26.5214
23.3952
14.9794
29.2129
27.4752
30.5943
11.088
15.6748
22.4427
26.7487
17.5793
17.1582
35.3291
25.9045
41.6609
27.2522
21.3092
38.6946
18.5738
33.8286
26.5095
35.5159
25.3094
26.747
25.8702
36.8098
38.041
37.2533
21.3413
27.809
25.7188
34.4436
16.5514
23.8114
24.7601
31.966
24.6703
30.2214
13.1935
14.4561
33.6148
25.5309
37.0454
24.6859
38.951
30.0251
29.6217
24.1822
30.4843
12.5646
22.2545
26.7541
36.4239
27.7294
23.9723
21.301
71.1506
23.6083
26.1386
28.1776
29.6711
31.5804
28.3529
18.3321
26.275
39.176
33.6633
30.3774
21.1236
35.7783
18.8509
33.6087
28.4367
59.495
32.1555
41.6141
25.9661
17.4478
40.5754
46.6216
11.7633
35.32
40.2451
31.9222
25.822
30.934
19.9602
10.064
26.8138
24.5349
71.0071
25.5728
14.0636
37.4276
21.0878
50.657
33.2611
30.502
25.3582
18.8461
27.9178
36.7991
23.0801
21.0173
33.2598
39.3293
47.1909
28.4566
30.8429
40.2665
32.5201
28.4882
32.0781
25.3826
24.4934
19.4778
42.3497
43.0989
29.7341
24.4209
32.3856
38.8555
49.1384
24.6645
34.8833
11.5484
29.0339
23.4718
21.8884
11.7214
28.0846
16.6829
24.3937
23.3963
20.7943
20.658
23.9894
61.4903
26.7619
27.8737
24.0051
30.0557
14.0925
24.2933
32.0891
23.4704
19.4536
28.3498
17.5837
22.5452
49.2787
32.2606
18.8017
39.6683
30.3216
42.4832
42.9509
49.8708
35.8198
23.977
28.6906
19.9221
28.757
20.22
15.5433
17.8436
46.2789
26.99
23.8406
25.8677
25.3818
37.7384
19.4248
51.7136
31.6816
17.7645
32.455
34.1628
20.6643
21.0041
21.8272
37.2061
23.5413
34.3092
36.783
19.8422
47.1383
24.136
36.6701
27.3384
36.5757
31.4574
28.7652
37.9634
37.8987
34.9589
31.2358
45.7592
30.6276
14.643
23.818
30.1393
29.0792
27.9414
49.2486
36.1541
24.8861
19.4056
28.0446
24.4105
23.2775
43.2418
28.8497
25.9628
40.478
28.1755
15.8107
18.1872
31.6823
30.4124
29.6238
18.9761
28.3684
11.1748
37.6553
32.1497
33.0387
31.6062
29.5943
37.742
41.0409
24.6117
45.3348
46.5085
25.529
48.5838
31.4608
25.0819
33.4089
18.2512
40.3497
42.1823
28.3418
13.0577
30.1825
32.6801
22.3617
35.6688
28.8311
33.6134
23.7178
24.8207
19.378
39.231
27.646
24.4289
41.8642
25.7808
9.33315
21.1246
29.0714
25.2422
37.9887
24.8729
35.2107
12.8546
20.4216
34.1732
18.778
27.5924
26.6374
25.6364
22.3953
15.5146
39.4037
37.7829
18.1589
24.6968
30.6083
30.0309
30.2806
40.0042
14.9218
38.4123
23.5468
34.023
49.5636
47.5867
55.4714
30.3237
21.1124
31.5088
38.7432
21.4426
32.0282
19.6182
25.5513
30.2166
26.6329
24.6607
29.0725
21.1123
18.3732
28.3359
29.3087
30.7441
18.3942
35.9003
23.0494
46.9022
24.2119
29.652
30.64
54.6542
37.4862
32.2891
23.7823
31.264
23.3343
39.3974
32.6301
18.5784
33.1876
37.2289
52.5724
45.6638
38.6247
22.1306
20.5593
26.8451
28.9602
13.6047
17.3512
39.1859
27.512
29.6099
30.8502
27.0118
24.6529
35.4244
35.9828
22.759
24.226
28.3586
26.0906
23.3643
27.9626
23.223
27.5039
29.6139
23.9431
22.2817
32.3461
13.045
25.4102
44.1289
20.7037
45.3085
20.2565
32.263
30.1073
26.2849
25.2502
26.2383
21.0523
38.9915
33.7533
26.8196
32.1028
20.3973
18.9295
39.5056
19.8204
36.8024
24.8222
8.45597
24.6231
31.4551
32.4357
30.138
31.2989
29.0139
17.0394
20.1329
21.6385
28.2041
27.6477
24.5224
30.3632
45.3976
15.1468
18.7513
24.9805
24.1345
49.7204
21.7649
26.6314
31.4594
26.6408
20.2667
25.8921
22.2691
30.1714
37.9702
19.1357
28.4063
27.9023
23.2032
35.1142
27.4536
25.1905
26.2466
44.1407
23.0716
21.3719
53.5403
27.1083
32.1854
17.776
25.2402
31.8477
33.7819
51.2408
26.8424
30.5179
39.3417
38.1314
31.446
40.0647
21.1468
27.8618
28.304
44.0933
41.819
34.0612
52.3562
27.6922
35.0308
36.2733
32.7691
27.3521
28.1686
21.6219
24.2589
28.1288
35.8962
19.3722
13.3765
21.9283
23.345
25.0399
23.0799
19.8037
47.9385
40.5505
19.0482
41.8504
20.2869
17.9398
26.8536
51.3232
31.5552
27.1417
32.1
20.8219
28.6369
21.9219
21.0906
21.6886
20.3592
42.1099
28.4582
29.55
32.5895
54.0045
26.337
38.2896
29.9601
20.073
14.3864
29.8282
24.6531
39.9627
21.6877
21.3726
17.1246
47.4964
33.5649
48.3816
19.6979
42.3646
27.4496
40.4004
32.5862
29.1312
42.1963
21.8883
32.4751
34.6568
32.1562
33.8158
29.2666
34.149
20.2501
33.3914
30.3017
30.9591
49.5234
43.981
24.3744
23.736
30.9633
15.1328
27.6073
15.2449
20.1184
38.8811
20.9123
25.9508
28.8665
14.8855
23.7693
20.147
62.0998
27.5111
11.5149
29.1937
46.647
37.0702
27.1192
39.7312
29.3395
30.0108
23.8422
22.1122
23.0027
30.4285
15.9931
29.1169
30.3408
22.5572
28.3238
41.015
30.3121
30.9198
41.2744
22.9529
10.4252
26.8665
25.6094
29.7199
40.539
46.955
24.8871
18.6529
36.1596
27.687
28.3475
31.6053
31.8218
23.3456
39.4029
21.4309
16.444
20.1652
18.1191
29.3134
29.3484
14.3214
30.2239
43.2519
21.8741
21.0708
39.0122
26.4611
20.5773
40.2726
30.7594
13.6206
32.2696
21.8643
52.342
39.6883
36.693
28.3806
45.8318
32.9242
23.699
20.1633
27.5314
28.7493
31.4988
27.6846
35.4639
33.2583
22.1283
26.4195
21.3867
27.6829
28.3763
34.8959
29.475
30.7504
26.6406
34.2677
22.2701
11.1263
21.8276
33.2533
38.6782
24.5342
18.1888
32.7069
24.0138
26.0893
36.0151
26.0911
28.1195
44.517
28.6582
56.476
40.2398
26.5527
21.6478
30.8114
29.0712
29.7322
43.0702
27.0757
55.2448
21.3604
43.5638
26.661
20.7067
46.0822
40.1696
26.315
27.7838
25.4945
25.9523
34.718
22.0884
30.4723
30.9061
20.4104
17.4341
43.5523
21.1644
24.4991
25.6185
28.6298
28.5413
46.3862
30.1091
27.8676
28.2203
23.434
49.4555
20.3398
31.9694
23.781
21.4854
21.7685
48.7493
17.6216
16.6806
46.6038
42.2154
17.1855
29.6506
26.0264
40.3625
31.9942
44.4918
33.7246
21.9244
23.5172
35.212
40.6425
25.9386
20.403
22.7877
29.4804
42.5623
18.4384
24.2567
17.9799
33.1642
20.9736
52.3201
27.4447
34.5187
30.0042
46.7142
23.0163
25.0845
37.8639
28.9896
22.6678
17.5926
28.6616
27.6944
26.1726
16.5181
40.9772
19.9594
26.6069
15.0142
19.7518
34.1669
16.7413
21.6641
32.6266
24.2829
22.1552
28.7259
21.3093
39.7711
40.9784
39.2611
35.0117
37.5817
31.1141
50.0115
30.2154
26.5459
40.1617
33.1633
27.9234
34.3455
29.7079
19.5348
39.3156
18.793
25.646
8.66257
42.6737
22.9007
23.4651
27.5067
27.6055
31.3799
32.6577
13.7463
26.9732
19.5785
22.5692
26.0666
21.6208
31.9062
39.3154
32.5725
27.5549
40.6565
27.0131
37.517
28.332
20.0856
30.3794
30.5576
44.8744
19.3161
27.1633
26.7575
18.0023
37.1563
29.0778
44.4949
27.2325
21.1227
16.3459
26.9407
17.9682
54.2413
26.2384
35.6462
30.9434
29.3883
21.2729
23.028
28.1702
20.2465
20.6971
24.4619
33.2405
43.8469
24.836
25.2033
26.873
62.8031
25.4318
41.5004
22.1612
35.9712
22.0321
33.7524
19.7714
25.3824
37.0581
21.1614
22.952
23.9326
27.8464
26.3377
20.8052
41.1198
38.6941
25.8156
20.9572
32.4293
35.9336
23.6026
11.7187
19.708
21.289
21.3847
6.79226
25.6211
26.0051
24.0703
40.1081
16.2317
24.6982
23.6298
32.3534
24.2457
33.1114
40.8938
43.552
24.8244
35.5144
32.0917
24.0819
30.5729
35.2617
32.0365
20.4684
19.581
36.3474
24.7196
14.2972
34.0097
31.4015
22.4683
43.9476
22.1522
25.0166
30.0821
20.2692
28.0017
30.7239
28.0605
33.223
19.3767
41.3497
50.4947
40.362
47.9232
27.6508
13.7273
22.3895
12.198
17.3789
27.6159
35.0672
22.6957
44.654
25.8935
22.4617
5.26721
40.527
33.4656
41.5602
16.8855
28.0797
27.4365
22.691
25.3342
30.1261
26.0857
22.6384
18.6978
21.1374
21.4331
37.6408
19.2406
31.0574
36.2671
39.8088
27.7707
27.4847
22.2426
27.8052
46.6585
32.3478
31.1079
32.7749
34.4839
39.4908
24.6785
28.8829
32.883
41.7793
36.4374
31.5931
37.846
71.9328
37.7925
34.9351
24.6545
24.7933
57.4167
24.0742
30.611
26.8662
28.3091
21
36.162
21.9512
31.3616
18.8802
29.662
31.2392
34.4446
12.9213
16.0588
23.5591
22.3172
33.4621
36.685
42.7546
35.7635
30.6567
47.2249
20.6514
19.7265
30.2086
32.5005
30.4191
10.7877
31.9384
37.1234
34.2887
28.0838
27.8632
27.5293
22.8597
36.6849
36.2761
43.5014
14.4522
35.1655
27.5272
25.085
40.1323
25.4154
39.8264
25.4636
21.252
27.1197
4.21873
35.2908
11.2388
27.0855
22.0025
21.7714
35.8157
22.5685
26.0815
27.1044
40.9747
16.8008
30.0155
21.8777
21.8336
31.3189
27.7309
25.3247
29.0493
22.1101
35.4906
25.5147
13.6398
48.217
24.7035
40.3091
49.0513
25.0894
31.7575
33.5002
31.0051
30.0673
13.979
30.3446
25.9774
22.2919
29.3678
32.5559
36.5832
15.5758
26.0018
21.6066
19.7776
16.4711
34.7987
23.4589
37.4697
37.0718
26.9142
32.2519
30.8263
38.7622
21.2483
11.4602
23.8769
22.6335
27.3242
24.9902
25.669
42.32
37.527
26.6933
10.6456
42.9122
17.7262
23.7167
18.4884
38.1461
49.1568
41.648
37.205
19.4512
46.3519
26.9769
27.696
32.5397
31.3911
23.812
48.5771
42.1359
35.9768
32.2232
31.0232
27.7688
20.9578
40.0386
39.3768
41.4482
21.1879
39.5193
15.5962
24.2182
44.064
31.1777
26.8097
30.1431
19.9955
26.8334
30.2305
23.9797
30.3751
21.6958
21.1706
54.6644
36.9107
22.901
26.5117
35.492
53.0161
34.2046
34.9542
41.9225
46.5996
22.2124
18.2031
19.1115
26.5027
29.3923
30.658
17.1361
58.0478
30.193
62.7456
34.3903
26.9496
36.8074
34.0975
25.9087
38.6859
34.8993
30.8505
33.9636
34.9748
29.7136
20.6378
27.5186
34.467
48.6601
31.7401
67.1715
23.8219
17.5162
35.3976
38.397
21.2676
27.5164
26.0036
28.6861
36.8208
28.6974
29.4669
34.1474
19.9872
23.4916
16.2615
28.2287
49.0412
32.043
31.7876
23.4715
32.4058
32.6481
22.9663
44.6751
30.275
32.3985
35.1687
17.3355
35.6458
21.5695
29.1044
45.6359
31.0637
24.8543
18.7821
26.6545
34.8813
63.935
44.3943
32.4375
25.0688
15.7213
26.8335
33.0609
40.1262
26.7676
39.7169
37.5694
29.3216
40.0856
21.4586
24.4689
31.3499
33.5887
34.9936
20.1102
21.6581
29.5172
26.2336
25.305
30.8494
49.7803
47.1796
14.2454
42.051
38.7568
26.4568
11.7511
17.0467
23.7324
30.7884
26.7957
18.1025
32.6195
27.3147
9.75954
29.6294
31.0098
37.8856
46.2279
29.2222
38.5802
18.8155
16.9571
21.5519
22.1252
40.1036
32.8985
36.9051
36.6373
25.5483
33.9666
19.7446
27.0775
27.7944
31.3099
35.9384
25.964
18.0852
50.7884
33.4835
29.3763
32.7983
32.6972
31.4934
20.7552
32.9639
22.3062
37.9609
28.7646
50.039
12.8375
54.5813
23.8235
29.4223
24.8428
10.4403
31.6718
38.5269
20.5814
34.4354
34.0841
13.9032
28.1414
37.5231
29.1762
9.74721
27.8185
29.6473
33.066
56.4382
19.5139
19.0986
26.8745
31.8179
21.6389
46.1477
35.4529
16.182
22.793
25.3259
41.6374
38.8222
42.9348
24.7991
19.9976
69.3885
40.9465
17.6859
28.9911
20.0725
30.7178
18.7008
28.9515
29.597
40.4872
26.104
30.5172
28.7068
19.8228
29.0761
50.7569
31.9742
31.671
28.1395
29.1883
20.6479
28.0503
44.8086
18.188
32.1291
23.5508
22.6986
13.339
10.5244
28.3898
28.369
51.9423
39.157
29.1156
29.9972
24.5095
39.0583
34.0602
17.134
27.8601
26.7229
33.353
12.7844
16.2305
30.6394
25.5332
30.0003
18.7984
34.1374
14.7517
22.8065
20.6867
16.367
28.8997
26.3109
26.4185
17.2542
31.7761
38.9509
13.4775
24.9459
23.8978
24.8601
29.1728
25.5451
26.8424
41.0942
30.647
24.031
34.1391
28.2954
27.9398
21.8348
28.2944
25.2906
36.7797
27.6252
31.1694
32.4543
27.3018
33.6408
25.8264
33.9978
26.5445
33.8958
35.1296
35.5192
30.909
32.0118
28.5895
21.8774
28.6055
29.9544
17.7042
22.9239
23.6873
37.5369
24.0487
23.1704
29.6401
28.589
32.197
31.4327
32.0631
64.2727
22.1768
23.1993
30.5336
23.1564
22.1421
34.9435
41.0007
26.7331
18.5608
24.0229
35.5679
32.9889
25.8735
43.5721
11.8259
8.23709
36.5336
17.6314
19.1526
27.0194
14.4343
23.2436
28.5429
23.6058
29.5851
17.105
31.842
32.4217
33.0774
25.9141
34.2077
36.6163
31.3867
54.0261
34.8749
14.1876
44.1005
17.3511
27.1403
19.6764
20.463
39.1103
41.1285
29.6134
26.2701
36.4162
31.5556
19.1585
29.9259
19.2282
36.0909
18.2333
26.9548
22.1357
31.1585
28.5109
35.6642
13.4313
23.9427
19.5073
28.7613
32.5202
42.576
17.8424
18.2761
16.1589
35.2372
27.2072
46.912
10.6062
30.3327
27.3797
46.0525
42.6467
34.916
21.672
31.1178
25.6129
28.2283
48.6759
14.0997
21.0435
21.2781
11.9681
32.7921
25.0753
22.4269
30.5759
23.2479
18.536
31.9687
39.6147
47.0611
43.7908
30.4378
27.4316
31.2396
42.2169
33.0502
63.2588
22.2747
27.0914
40.7704
42.3187
33.9802
41.859
31.4276
48.7221
15.3036
30.5098
31.1554
36.048
30.5742
40.9556
30.4436
36.6093
26.5973
32.5515
44.9957
29.0229
41.0709
37.1421
44.0075
16.7826
29.1045
38.097
28.1352
38.831
31.6331
30.2376
26.6307
19.9931
42.981
18.4086
21.3028
16.6591
49.6826
20.9601
15.9008
24.5021
38.5589
26.7796
28.1406
29.0626
43.1104
28.8539
20.4379
35.6466
30.7868
30.8595
36.5881
15.7689
41.4196
36.6222
23.4106
35.5742
25.2787
24.011
17.5202
40.6179
31.533
11.975
28.4452
32.7302
45.105
28.0174
12.4163
40.6602
19.8613
37.3118
28.862
25.0679
41.0768
36.7024
27.7792
21.1517
45.1668
9.43848
40.3431
24.1884
22.4349
25.5669
18.2472
26.0466
30.991
22.5121
31.0596
32.9827
26.438
37.2228
32.1098
42.846
24.5251
11.7605
45.2815
17.8713
16.9288
15.4499
26.2183
22.0979
30.1488
28.454
23.5991
22.004
26.8185
24.693
25.9567
36.086
21.3447
27.6321
52.2083
34.283
40.4917
40.8766
35.2795
23.4594
42.54
18.035
37.9456
28.9041
23.1342
28.9994
14.501
24.0165
36.3933
38.1088
8.20653
30.3359
26.7806
45.4687
43.5676
50.772
36.862
27.3846
41.1092
29.1592
27.3036
21.3771
30.3522
24.5515
26.6466
40.4142
23.9188
14.5809
39.5769
46.9947
18.629
33.1793
43.913
19.0544
17.4143
32.1295
34.9482
23.6383
36.8561
30.9573
26.2981
20.7386
26.881
30.8001
42.0939
35.56
32.2262
26.3674
36.0822
50.107
25.332
32.4576
37.3316
29.6132
25.5767
26.1588
11.7405
17.6526
21.8333
19.9782
33.6214
36.7561
30.9491
16.3612
15.1986
24.62
32.2724
29.9024
26.4961
46.8077
26.7404
31.8595
29.9763
33.2917
25.5332
33.2507
19.858
31.1026
24.6734
24.4775
23.4501
59.5622
26.0788
33.4123
32.9498
27.8076
28.4317
36.0155
13.7818
19.0233
18.7291
35.0715
38.6442
46.428
29.2971
30.2986
16.3568
27.0411
32.5773
39.3256
18.6242
25.7753
24.693
50.893
12.0278
19.3932
26.4909
22.648
32.4261
38.8475
16.01
34.6315
33.6685
56.408
22.8552
30.5365
26.5961
14.0805
24.2438
42.1573
33.7782
27.7846
49.7536
20.1871
24.828
22.3257
45.8069
67.6381
14.2244
41.9243
36.5473
39.3265
36.4873
29.0521
28.3681
35.5219
23.8618
33.3261
31.5666
22.0499
32.3982
35.949
28.8826
28.1518
25.551
36.629
36.6641
41.374
11.2766
31.8094
46.2387
46.1818
48.7215
36.7074
28.8341
26.459
18.3776
41.4563
21.6317
42.9661
15.357
21.8025
21.8045
37.0636
34.5586
15.7287
21.4718
21.7693
40.3538
23.1933
31.6721
24.9245
27.9708
27.8584
32.8074
19.3128
25.1241
23.5101
18.6769
28.7597
41.9636
16.5333
29.5024
43.1314
20.461
22.6723
29.4041
17.6756
35.7186
20.9724
16.5261
19.0477
17.6732
40.1074
30.7343
28.8921
17.7906
29.6474
31.4568
29.8073
26.5382
25.4042
34.503
43.2871
26.8392
21.4887
28.4299
25.0263
43.5024
34.3791
32.3485
44.254
38.0697
17.4829
41.0366
24.8338
23.2496
29.5639
16.2704
16.3763
34.5393
20.5361
30.2421
23.6811
31.3418
30.7727
20.6457
37.4652
21.8354
19.6979
32.8926
40.2833
16.6103
28.3531
44.4552
34.9119
24.6236
22.7061
26.6306
36.3784
31.1022
39.0294
40.6334
27.2841
56.3894
27.6268
33.867
28.1441
44.4317
49.6469
33.9247
23.0676
26.9264
15.2534
18.2083
27.8078
38.0121
30.1049
30.538
30.0474
34.7338
47.6026
39.75
25.2836
34.3791
22.6987
28.4279
16.1221
23.1846
40.3232
25.7964
20.5674
28.6147
23.239
21.7699
21.2713
36.4231
13.3285
42.3018
55.0225
15.9828
37.5613
27.2718
37.525
21.3269
49.7831
28.5295
23.4256
31.7373
31.4324
46.1775
37.2526
40.2649
27.8819
21.6512
32.5433
36.8591
14.3143
20.5656
33.256
10.6325
22.6822
25.2624
25.2724
13.2299
54.9995
27.3414
39.6281
25.4533
26.1464
46.2522
19.706
39.497
36.1402
25.2804
21.558
24.0606
20.2082
26.9628
37.7659
47.9782
24.9392
28.2801
31.3473
43.5332
29.605
34.2707
43.2857
29.664
34.2118
20.1447
20.7927
26.1076
31.8732
13.9246
27.9822
13.0441
20.3065
11.4985
27.1025
29.685
16.8004
15.7169
30.8629
29.3764
16.3431
22.101
43.7008
25.0802
20.6803
24.4539
27.4727
29.6963
14.2709
30.6478
38.5899
11.0989
17.5085
31.1074
23.9251
37.9212
33.7443
39.7965
26.8908
15.412
21.1638
20.9101
31.0344
42.0752
22.0156
39.1883
47.2372
37.1899
47.0095
33.129
23.997
33.8356
21.0933
68.7185
39.0639
33.4635
22.2353
26.0484
35.5344
22.6981
27.8009
27.5405
27.6884
30.0973
37.6235
43.3167
28.8937
28.8154
27.2836
39.2831
22.1985
25.5863
13.4185
14.1751
29.0061
44.304
21.8028
25.7795
23.2035
28.2477
36.1215
27.1086
17.0621
15.5708
51.7201
35.0465
21.0528
21.014
26.0872
25.6867
49.6818
24.2153
31.7862
32.9669
12.2992
8.86224
27.2841
37.7334
76.6138
37.7798
30.3769
37.3428
11.9158
27.0514
30.7006
36.5189
43.8673
18.5503
31.3463
20.2323
29.08
21.8593
43.4344
11.9629
27.5545
32.249
24.1439
31.2978
15.6653
30.8148
29.6925
26.1402
34.4127
35.5104
28.7136
26.1111
35.4959
20.0222
17.4277
17.5367
16.8055
29.3506
79.3861
31.0442
27.6369
18.7815
23.4261
31.1719
22.1985
23.3298
37.8116
29.2136
21.2792
32.4713
5.76447
17.572
30.6186
51.0001
26.9767
18.1507
24.9903
15.3512
13.3288
44.0869
46.7364
41.0717
31.8355
26.921
30.3168
7.63509
23.6255
10.682
32.8748
39.2387
20.8883
16.2367
14.0295
56.8582
25.6447
39.6978
27.0679
37.9018
32.587
30.3438
39.9702
20.4625
36.0118
27.1764
37.4073
19.1485
27.3445
28.606
40.4963
22.5363
19.6658
21.0508
21.4775
34.1001
18.5048
37.0886
45.3265
18.9546
24.8872
27.062
20.2369
28.4389
19.9715
30.7912
42.5985
34.2434
34.3746
33.147
43.6415
40.5299
24.7472
13.4269
24.1277
21.6625
37.3786
35.2436
35.6705
33.6113
35.8208
26.4009
44.654
32.3825
31.6273
47.7628
29.433
44.6163
17.642
36.6321
28.8085
22.0589
41.6064
19.6648
33.0147
24.0609
17.7492
15.5153
29.9453
28.5556
42.2005
29.9172
42.1629
27.4418
36.7254
41.6832
38.9241
19.0496
32.2162
31.4492
31.5758
15.0332
28.0039
31.3313
26.543
18.1727
14.0424
20.8568
20.3474
28.8273
20.0589
25.5921
30.9935
22.9535
47.0631
15.6919
15.4396
31.6467
33.2023
19.2826
34.4753
28.2035
22.7119
34.478
34.2099
29.2164
56.1101
36.2435
29.2417
33.7089
41.677
13.9801
44.9038
47.7248
18.591
25.4431
40.9458
21.9889
35.398
25.1982
20.0028
36.4929
16.162
26.2016
31.7512
16.4744
37.0556
14.9833
26.5183
25.2037
13.6535
24.0361
14.3433
31.3454
18.0643
27.6498
22.6163
19.0728
22.899
25.0103
36.5743
41.4462
51.8399
24.9149
25.8277
20.8947
21.4214
32.2734
39.2163
33.8962
36.1678
26.9226
14.5404
38.2121
21.8655
47.2778
35.2316
36.8407
23.1906
18.4645
31.2605
16.7215
25.9933
42.4458
19.0049
15.4711
34.0632
33.1174
52.1584
40.8766
24.7541
45.3085
33.674
26.5347
42.3209
40.762
34.2647
18.6741
29.1959
33.0125
27.0273
31.2213
26.8927
41.8896
31.4286
40.6205
29.0813
22.3093
27.2399
15.9787
24.1124
22.1369
27.9324
18.0023
21.751
33.9708
22.8581
37.5958
24.2207
23.9441
38.5157
23.8345
38.0334
16.6608
38.2132
27.031
18.8041
38.9875
23.3061
35.3596
40.213
32.5629
33.0801
34.9602
24.7546
21.9455
25.0135
28.2965
22.4647
25.8331
33.1258
50.7432
35.6576
42.7092
16.8944
25.1425
25.9624
20.7778
30.6317
19.6774
25.1674
22.5978
25.8073
32.5503
33.0588
26.9439
11.2361
23.4686
20.2084
21.3853
41.8458
29.1396
19.429
22.7831
25.6816
29.5809
23.9181
28.634
30.4992
48.5796
28.2439
29.1079
20.4481
29.3031
33.3105
31.431
20.5641
30.8219
25.5155
27.4359
19.9279
33.3871
34.9682
37.0055
39.9941
22.7306
21.0221
33.3185
28.382
27.8751
35.2639
39.3336
24.2379
26.2894
17.9821
40.5946
36.2146
17.8649
36.9035
21.3344
26.0693
41.8725
31.8581
28.4117
48.8684
34.1726
20.3587
21.6434
21.1591
36.8679
24.5717
19.9033
34.7201
15.1899
28.2335
31.5767
25.3507
22.4757
9.90609
26.347
32.382
26.9639
24.8158
20.4797
27.9571
28.9091
25.8592
27.0191
58.1606
57.7681
55.5327
18.7674
32.9451
26.9818
33.0744
49.6221
36.5971
26.2788
30.8232
18.7506
41.4053
21.3629
13.7333
18.2479
63.3675
20.0911
24.786
37.8515
19.2409
26.287
23.4013
36.5566
46.9238
27.1825
23.2905
20.6738
38.4745
25.5883
38.1607
12.159
34.2743
26.6222
13.6738
35.1086
36.9802
24.5006
32.4947
23.564
29.7501
19.654
13.1648
47.7651
39.9906
30.7881
32.9213
28.7815
23.4756
50.0413
23.0192
28.7986
23.7498
26.6908
52.1055
28.2079
29.1413
39.9903
29.0172
27.5664
30.8513
48.2167
22.439
28.1285
23.1608
23.1524
26.4147
27.449
32.6029
38.7567
31.1026
65.0222
17.7259
19.5611
33.4721
37.9828
27.0819
27.3837
20.0645
40.1968
23.7819
25.6029
25.1744
34.9878
24.4299
37.1426
36.5176
20.4151
28.6501
36.2158
27.0854
18.8818
27.343
31.9532
15.8166
31.0098
26.9753
26.1807
40.3083
23.7623
37.2313
24.1544
27.8975
43.4374
27.3614
19.9272
29.14
18.4401
29.5219
27.8818
29.2682
29.2468
38.0586
29.595
20.7019
37.2253
30.0146
29.4296
19.2223
42.2434
22.0167
17.2529
30.6967
33.2069
27.0953
28.8621
41.831
40.002
34.169
30.0571
37.6812
33.9498
26.2245
31.2092
41.677
15.4192
32.5227
30.6979
20.8029
21.6204
33.6785
34.405
40.6911
38.8562
34.7025
28.6451
25.5794
16.796
27.5286
29.2398
25.598
46.3575
31.2492
25.1999
27.9173
