31.3412
28.7856
26.2563
25.9737
37.1902
18.2474
30.8166
45.1865
31.8104
37.7996
30.2229
22.9994
38.4258
12.4366
38.5145
45.7501
38.3678
16.2009
29.2065
22.348
25.3292
26.1384
25.8796
47.7454
28.6163
25.5835
24.4381
43.5415
33.7611
28.2868
24.3657
27.9997
18.7553
35.5502
8.96511
30.7066
35.2944
30.9174
29.3518
20.9377
25.3665
40.211
20.3898
26.0365
26.2092
34.2456
23.5619
32.6125
24.0347
29.8175
26.0103
30.7436
28.1918
20.5274
19.2336
37.5188
32.0164
26.8656
31.7646
29.5432
16.0944
17.0508
28.1687
30.0374
34.1478
48.4662
23.0752
21.282
64.7659
34.3891
39.4144
35.3669
43.2238
30.501
29.3258
32.2445
42.6561
26.7827
23.5621
33.1191
27.7636
32.9439
43.9843
27.5984
39.2425
12.1148
70.7053
46.5975
33.9126
29.883
25.1459
38.656
20.5307
13.3221
23.4952
39.8511
28.0988
31.7577
27.8489
7.4773
35.0919
59.3695
11.9833
33.4538
39.1471
31.2634
34.2325
15.9175
9.07297
25.6005
16.7203
29.1284
23.8651
20.5095
38.7901
32.2686
45.5903
17.884
33.51
27.4979
23.1722
17.3402
18.2015
38.7859
47.5005
31.2752
41.5899
44.6679
29.1277
34.846
24.7417
18.8249
41.2362
16.0468
34.7998
27.4277
46.2358
47.624
37.2466
25.2152
35.5215
21.8088
58.5685
43.9073
21.0277
20.788
35.1282
29.4642
28.1928
44.3346
27.9337
39.3393
21.2802
28.5758
40.5049
23.2893
32.7132
27.0024
25.8888
28.4658
29.1372
35.1494
25.3458
50.047
43.8972
29.7628
35.7206
30.6988
29.935
21.5861
28.4095
31.2746
36.1796
20.388
33.1429
30.4439
41.7224
18.9253
40.7994
22.654
28.0617
42.8252
20.7661
28.4509
20.5257
24.668
19.3439
31.0084
34.1479
22.2221
41.5487
38.6376
16.3471
24.9587
13.1158
42.4024
35.849
21.4173
28.2568
32.4726
14.5823
46.1344
23.3539
30.6499
24.1937
27.8772
34.294
42.8393
26.1955
18.6182
28.5976
30.3509
28.0683
34.3604
37.7568
17.4941
28.5015
36.2875
32.9161
25.969
32.481
25.4168
17.9334
22.4131
19.3015
27.2163
52.7635
21.1677
24.4553
20.4899
16.9663
18.8127
20.4828
31.4763
24.0436
28.1205
37.7835
22.3148
35.0539
49.0919
28.4612
25.9702
33.2118
20.5429
26.6197
21.8163
27.0008
21.5246
30.9485
28.8337
12.6573
42.5986
29.9709
44.2525
27.1138
